  -1.0000000e+00   5.1920037e-01   1.8742660e-01   3.7541501e-03   3.1996221e-04
  -9.0000000e-01   5.2736287e-01   1.9471211e-01   3.9234056e-03   3.2825448e-04
  -8.0000000e-01   5.3557347e-01   2.0224589e-01   4.1011829e-03   3.3684194e-04
  -7.0000000e-01   5.4382913e-01   2.1003416e-01   4.2879410e-03   3.4573699e-04
  -6.0000000e-01   5.5212666e-01   2.1808317e-01   4.4841646e-03   3.5495264e-04
  -5.0000000e-01   5.6046277e-01   2.2639913e-01   4.6903656e-03   3.6450250e-04
  -4.0000000e-01   5.6883401e-01   2.3498828e-01   4.9070849e-03   3.7440086e-04
  -3.0000000e-01   5.7723682e-01   2.4385680e-01   5.1348935e-03   3.8466266e-04
  -2.0000000e-01   5.8566749e-01   2.5301085e-01   5.3743949e-03   3.9530361e-04
  -1.0000000e-01   5.9412220e-01   2.6245653e-01   5.6262261e-03   4.0634015e-04
   0.0000000e+00   6.0259698e-01   2.7219985e-01   5.8910603e-03   4.1778954e-04
   1.0000000e-01   6.1108777e-01   2.8224676e-01   6.1696087e-03   4.2966988e-04
   2.0000000e-01   6.1959035e-01   2.9260308e-01   6.4626224e-03   4.4200016e-04
   3.0000000e-01   6.2810042e-01   3.0327454e-01   6.7708948e-03   4.5480032e-04
   4.0000000e-01   6.3661353e-01   3.1426668e-01   7.0952643e-03   4.6809129e-04
   5.0000000e-01   6.4512515e-01   3.2558492e-01   7.4366162e-03   4.8189503e-04
   6.0000000e-01   6.5363062e-01   3.3723448e-01   7.7958861e-03   4.9623462e-04
   7.0000000e-01   6.6212520e-01   3.4922036e-01   8.1740621e-03   5.1113430e-04
   8.0000000e-01   6.7060404e-01   3.6154736e-01   8.5721879e-03   5.2661954e-04
   9.0000000e-01   6.7906220e-01   3.7422000e-01   8.9913662e-03   5.4271708e-04
   1.0000000e+00   6.8749468e-01   3.8724255e-01   9.4327616e-03   5.5945507e-04
   1.1000000e+00   6.9589638e-01   4.0061895e-01   9.8976044e-03   5.7686306e-04
   1.2000000e+00   7.0426214e-01   4.1435284e-01   1.0387194e-02   5.9497215e-04
   1.3000000e+00   7.1258676e-01   4.2844749e-01   1.0902902e-02   6.1381504e-04
   1.4000000e+00   7.2086497e-01   4.4290580e-01   1.1446178e-02   6.3342612e-04
   1.5000000e+00   7.2909148e-01   4.5773024e-01   1.2018553e-02   6.5384159e-04
   1.6000000e+00   7.3726094e-01   4.7292287e-01   1.2621643e-02   6.7509955e-04
   1.7000000e+00   7.4536801e-01   4.8848527e-01   1.3257153e-02   6.9724007e-04
   1.8000000e+00   7.5340733e-01   5.0441853e-01   1.3926886e-02   7.2030538e-04
   1.9000000e+00   7.6137356e-01   5.2072321e-01   1.4632744e-02   7.4433993e-04
   2.0000000e+00   7.6926135e-01   5.3739934e-01   1.5376733e-02   7.6939054e-04
   2.1000000e+00   7.7706540e-01   5.5444634e-01   1.6160973e-02   7.9550653e-04
   2.2000000e+00   7.8478045e-01   5.7186304e-01   1.6987700e-02   8.2273987e-04
   2.3000000e+00   7.9240128e-01   5.8964763e-01   1.7859273e-02   8.5114536e-04
   2.4000000e+00   7.9992275e-01   6.0779763e-01   1.8778182e-02   8.8078072e-04
   2.5000000e+00   8.0733981e-01   6.2630986e-01   1.9747053e-02   9.1170684e-04
   2.6000000e+00   8.1464750e-01   6.4518043e-01   2.0768656e-02   9.4398794e-04
   2.7000000e+00   8.2184097e-01   6.6440472e-01   2.1845911e-02   9.7769173e-04
   2.8000000e+00   8.2891550e-01   6.8397731e-01   2.2981898e-02   1.0128897e-03
   2.9000000e+00   8.3586651e-01   7.0389200e-01   2.4179864e-02   1.0496572e-03
   3.0000000e+00   8.4268958e-01   7.2414179e-01   2.5443231e-02   1.0880738e-03
   3.1000000e+00   8.4938045e-01   7.4471884e-01   2.6775604e-02   1.1282236e-03
   3.2000000e+00   8.5593505e-01   7.6561445e-01   2.8180782e-02   1.1701952e-03
   3.3000000e+00   8.6234953e-01   7.8681906e-01   2.9662766e-02   1.2140824e-03
   3.4000000e+00   8.6862021e-01   8.0832225e-01   3.1225769e-02   1.2599841e-03
   3.5000000e+00   8.7474367e-01   8.3011268e-01   3.2874227e-02   1.3080048e-03
   3.6000000e+00   8.8071673e-01   8.5217814e-01   3.4612807e-02   1.3582550e-03
   3.7000000e+00   8.8653645e-01   8.7450552e-01   3.6446420e-02   1.4108515e-03
   3.8000000e+00   8.9220016e-01   8.9708081e-01   3.8380233e-02   1.4659178e-03
   3.9000000e+00   8.9770546e-01   9.1988909e-01   4.0419677e-02   1.5235842e-03
   4.0000000e+00   9.0305024e-01   9.4291457e-01   4.2570464e-02   1.5839890e-03
   4.1000000e+00   9.0823268e-01   9.6614056e-01   4.4838592e-02   1.6472780e-03
   4.2000000e+00   9.1325129e-01   9.8954954e-01   4.7230366e-02   1.7136058e-03
   4.3000000e+00   9.1810485e-01   1.0131231e+00   4.9752402e-02   1.7831357e-03
   4.4000000e+00   9.2279248e-01   1.0368421e+00   5.2411648e-02   1.8560407e-03
   4.5000000e+00   9.2731363e-01   1.0606865e+00   5.5215392e-02   1.9325040e-03
   4.6000000e+00   9.3166805e-01   1.0846355e+00   5.8171277e-02   2.0127193e-03
   4.7000000e+00   9.3585584e-01   1.1086678e+00   6.1287317e-02   2.0968919e-03
   4.8000000e+00   9.3987743e-01   1.1327611e+00   6.4571906e-02   2.1852392e-03
   4.9000000e+00   9.4373355e-01   1.1568926e+00   6.8033837e-02   2.2779915e-03
   5.0000000e+00   9.4742528e-01   1.1810391e+00   7.1682313e-02   2.3753927e-03
   5.1000000e+00   9.5095401e-01   1.2051766e+00   7.5526962e-02   2.4777014e-03
   5.2000000e+00   9.5432146e-01   1.2292809e+00   7.9577853e-02   2.5851915e-03
   5.3000000e+00   9.5752964e-01   1.2533271e+00   8.3845504e-02   2.6981535e-03
   5.4000000e+00   9.6058087e-01   1.2772903e+00   8.8340904e-02   2.8168952e-03
   5.5000000e+00   9.6347775e-01   1.3011453e+00   9.3075520e-02   2.9417431e-03
   5.6000000e+00   9.6622318e-01   1.3248665e+00   9.8061312e-02   3.0730434e-03
   5.7000000e+00   9.6882030e-01   1.3484284e+00   1.0331075e-01   3.2111632e-03
   5.8000000e+00   9.7127252e-01   1.3718055e+00   1.0883681e-01   3.3564922e-03
   5.9000000e+00   9.7358347e-01   1.3949724e+00   1.1465302e-01   3.5094436e-03
   6.0000000e+00   9.7575699e-01   1.4179039e+00   1.2077342e-01   3.6704559e-03
   6.1000000e+00   9.7779715e-01   1.4405750e+00   1.2721262e-01   3.8399945e-03
   6.2000000e+00   9.7970817e-01   1.4629610e+00   1.3398579e-01   4.0185534e-03
   6.3000000e+00   9.8149445e-01   1.4850380e+00   1.4110865e-01   4.2066570e-03
   6.4000000e+00   9.8316051e-01   1.5067823e+00   1.4859751e-01   4.4048620e-03
   6.5000000e+00   9.8471099e-01   1.5281710e+00   1.5646923e-01   4.6137595e-03
   6.6000000e+00   9.8615065e-01   1.5491821e+00   1.6474128e-01   4.8339772e-03
   6.7000000e+00   9.8748429e-01   1.5697942e+00   1.7343168e-01   5.0661819e-03
   6.8000000e+00   9.8871678e-01   1.5899870e+00   1.8255906e-01   5.3110816e-03
   6.9000000e+00   9.8985301e-01   1.6097412e+00   1.9214259e-01   5.5694286e-03
   7.0000000e+00   9.9089790e-01   1.6290385e+00   2.0220203e-01   5.8420219e-03
   7.1000000e+00   9.9185632e-01   1.6478620e+00   2.1275768e-01   6.1297107e-03
   7.2000000e+00   9.9273314e-01   1.6661958e+00   2.2383041e-01   6.4333971e-03
   7.3000000e+00   9.9353314e-01   1.6840257e+00   2.3544159e-01   6.7540399e-03
   7.4000000e+00   9.9426107e-01   1.7013386e+00   2.4761312e-01   7.0926580e-03
   7.5000000e+00   9.9492154e-01   1.7181228e+00   2.6036738e-01   7.4503341e-03
   7.6000000e+00   9.9551909e-01   1.7343684e+00   2.7372719e-01   7.8282193e-03
   7.7000000e+00   9.9605812e-01   1.7500668e+00   2.8771583e-01   8.2275369e-03
   7.8000000e+00   9.9654289e-01   1.7652110e+00   3.0235693e-01   8.6495874e-03
   7.9000000e+00   9.9697753e-01   1.7797957e+00   3.1767451e-01   9.0957532e-03
   8.0000000e+00   9.9736597e-01   1.7938172e+00   3.3369284e-01   9.5675040e-03
   8.1000000e+00   9.9771201e-01   1.8072732e+00   3.5043648e-01   1.0066402e-02
   8.2000000e+00   9.9801926e-01   1.8201633e+00   3.6793016e-01   1.0594109e-02
   8.3000000e+00   9.9829114e-01   1.8324885e+00   3.8619873e-01   1.1152390e-02
   8.4000000e+00   9.9853088e-01   1.8442514e+00   4.0526710e-01   1.1743123e-02
   8.5000000e+00   9.9874153e-01   1.8554562e+00   4.2516016e-01   1.2368304e-02
   8.6000000e+00   9.9892595e-01   1.8661084e+00   4.4590269e-01   1.3030055e-02
   8.7000000e+00   9.9908680e-01   1.8762152e+00   4.6751927e-01   1.3730632e-02
   8.8000000e+00   9.9922656e-01   1.8857851e+00   4.9003419e-01   1.4472434e-02
   8.9000000e+00   9.9934752e-01   1.8948277e+00   5.1347135e-01   1.5258010e-02
   9.0000000e+00   9.9945179e-01   1.9033541e+00   5.3785413e-01   1.6090071e-02
   9.1000000e+00   9.9954130e-01   1.9113764e+00   5.6320530e-01   1.6971497e-02
   9.2000000e+00   9.9961783e-01   1.9189078e+00   5.8954688e-01   1.7905351e-02
   9.3000000e+00   9.9968297e-01   1.9259626e+00   6.1690001e-01   1.8894887e-02
   9.4000000e+00   9.9973817e-01   1.9325557e+00   6.4528482e-01   1.9943563e-02
   9.5000000e+00   9.9978475e-01   1.9387030e+00   6.7472028e-01   2.1055054e-02
   9.6000000e+00   9.9982386e-01   1.9444210e+00   7.0522407e-01   2.2233264e-02
   9.7000000e+00   9.9985656e-01   1.9497267e+00   7.3681240e-01   2.3482342e-02
   9.8000000e+00   9.9988375e-01   1.9546376e+00   7.6949989e-01   2.4806694e-02
   9.9000000e+00   9.9990626e-01   1.9591717e+00   8.0329938e-01   2.6210997e-02
   1.0000000e+01   9.9992480e-01   1.9633469e+00   8.3822179e-01   2.7700221e-02
   1.0100000e+01   9.9993999e-01   1.9671816e+00   8.7427591e-01   2.9279641e-02
   1.0200000e+01   9.9995236e-01   1.9706940e+00   9.1146830e-01   3.0954855e-02
   1.0300000e+01   9.9996239e-01   1.9739023e+00   9.4980308e-01   3.2731807e-02
   1.0400000e+01   9.9997048e-01   1.9768247e+00   9.8928178e-01   3.4616800e-02
   1.0500000e+01   9.9997696e-01   1.9794789e+00   1.0299031e+00   3.6616523e-02
   1.0600000e+01   9.9998212e-01   1.9818825e+00   1.0716631e+00   3.8738069e-02
   1.0700000e+01   9.9998621e-01   1.9840526e+00   1.1145543e+00   4.0988956e-02
   1.0800000e+01   9.9998943e-01   1.9860060e+00   1.1585664e+00   4.3377155e-02
   1.0900000e+01   9.9999195e-01   1.9877586e+00   1.2036856e+00   4.5911110e-02
   1.1000000e+01   9.9999391e-01   1.9893262e+00   1.2498946e+00   4.8599768e-02
   1.1100000e+01   9.9999542e-01   1.9907237e+00   1.2971725e+00   5.1452599e-02
   1.1200000e+01   9.9999658e-01   1.9919653e+00   1.3454948e+00   5.4479631e-02
   1.1300000e+01   9.9999746e-01   1.9930647e+00   1.3948331e+00   5.7691471e-02
   1.1400000e+01   9.9999813e-01   1.9940348e+00   1.4451551e+00   6.1099339e-02
   1.1500000e+01   9.9999864e-01   1.9948876e+00   1.4964247e+00   6.4715099e-02
   1.1600000e+01   9.9999901e-01   1.9956347e+00   1.5486017e+00   6.8551284e-02
   1.1700000e+01   9.9999929e-01   1.9962867e+00   1.6016421e+00   7.2621136e-02
   1.1800000e+01   9.9999949e-01   1.9968535e+00   1.6554978e+00   7.6938631e-02
   1.1900000e+01   9.9999964e-01   1.9973443e+00   1.7101168e+00   8.1518519e-02
   1.2000000e+01   9.9999975e-01   1.9977677e+00   1.7654434e+00   8.6376354e-02
   1.2100000e+01   9.9999982e-01   1.9981313e+00   1.8214179e+00   9.1528528e-02
   1.2200000e+01   9.9999988e-01   1.9984423e+00   1.8779770e+00   9.6992310e-02
   1.2300000e+01   9.9999992e-01   1.9987072e+00   1.9350540e+00   1.0278588e-01
   1.2400000e+01   9.9999994e-01   1.9989318e+00   1.9925788e+00   1.0892835e-01
   1.2500000e+01   9.9999996e-01   1.9991214e+00   2.0504780e+00   1.1543982e-01
   1.2600000e+01   9.9999997e-01   1.9992807e+00   2.1086756e+00   1.2234142e-01
   1.2700000e+01   9.9999998e-01   1.9994139e+00   2.1670928e+00   1.2965530e-01
   1.2800000e+01   9.9999999e-01   1.9995248e+00   2.2256482e+00   1.3740470e-01
   1.2900000e+01   9.9999999e-01   1.9996166e+00   2.2842587e+00   1.4561399e-01
   1.3000000e+01   1.0000000e+00   1.9996922e+00   2.3428394e+00   1.5430867e-01
   1.3100000e+01   1.0000000e+00   1.9997542e+00   2.4013038e+00   1.6351540e-01
   1.3200000e+01   1.0000000e+00   1.9998048e+00   2.4595648e+00   1.7326206e-01
   1.3300000e+01   1.0000000e+00   1.9998458e+00   2.5175343e+00   1.8357776e-01
   1.3400000e+01   1.0000000e+00   1.9998789e+00   2.5751244e+00   1.9449282e-01
   1.3500000e+01   1.0000000e+00   1.9999054e+00   2.6322473e+00   2.0603886e-01
   1.3600000e+01   1.0000000e+00   1.9999266e+00   2.6888159e+00   2.1824874e-01
   1.3700000e+01   1.0000000e+00   1.9999433e+00   2.7447443e+00   2.3115665e-01
   1.3800000e+01   1.0000000e+00   1.9999565e+00   2.7999480e+00   2.4479801e-01
   1.3900000e+01   1.0000000e+00   1.9999669e+00   2.8543449e+00   2.5920958e-01
   1.4000000e+01   1.0000000e+00   1.9999749e+00   2.9078549e+00   2.7442936e-01
   1.4100000e+01   1.0000000e+00   1.9999811e+00   2.9604012e+00   2.9049662e-01
   1.4200000e+01   1.0000000e+00   1.9999859e+00   3.0119100e+00   3.0745189e-01
   1.4300000e+01   1.0000000e+00   1.9999895e+00   3.0623115e+00   3.2533686e-01
   1.4400000e+01   1.0000000e+00   1.9999923e+00   3.1115397e+00   3.4419443e-01
   1.4500000e+01   1.0000000e+00   1.9999944e+00   3.1595331e+00   3.6406857e-01
   1.4600000e+01   1.0000000e+00   1.9999959e+00   3.2062351e+00   3.8500433e-01
   1.4700000e+01   1.0000000e+00   1.9999970e+00   3.2515938e+00   4.0704771e-01
   1.4800000e+01   1.0000000e+00   1.9999979e+00   3.2955629e+00   4.3024560e-01
   1.4900000e+01   1.0000000e+00   1.9999985e+00   3.3381013e+00   4.5464569e-01
   1.5000000e+01   1.0000000e+00   1.9999989e+00   3.3791739e+00   4.8029633e-01
   1.5100000e+01   1.0000000e+00   1.9999993e+00   3.4187509e+00   5.0724641e-01
   1.5200000e+01   1.0000000e+00   1.9999995e+00   3.4568088e+00   5.3554521e-01
   1.5300000e+01   1.0000000e+00   1.9999997e+00   3.4933297e+00   5.6524226e-01
   1.5400000e+01   1.0000000e+00   1.9999998e+00   3.5283018e+00   5.9638714e-01
   1.5500000e+01   1.0000000e+00   1.9999998e+00   3.5617190e+00   6.2902929e-01
   1.5600000e+01   1.0000000e+00   1.9999999e+00   3.5935811e+00   6.6321782e-01
   1.5700000e+01   1.0000000e+00   1.9999999e+00   3.6238935e+00   6.9900124e-01
   1.5800000e+01   1.0000000e+00   2.0000000e+00   3.6526669e+00   7.3642724e-01
   1.5900000e+01   1.0000000e+00   2.0000000e+00   3.6799173e+00   7.7554245e-01
   1.6000000e+01   1.0000000e+00   2.0000000e+00   3.7056659e+00   8.1639210e-01
   1.6100000e+01   1.0000000e+00   2.0000000e+00   3.7299383e+00   8.5901976e-01
   1.6200000e+01   1.0000000e+00   2.0000000e+00   3.7527648e+00   9.0346703e-01
   1.6300000e+01   1.0000000e+00   2.0000000e+00   3.7741796e+00   9.4977318e-01
   1.6400000e+01   1.0000000e+00   2.0000000e+00   3.7942207e+00   9.9797485e-01
   1.6500000e+01   1.0000000e+00   2.0000000e+00   3.8129293e+00   1.0481057e+00
   1.6600000e+01   1.0000000e+00   2.0000000e+00   3.8303498e+00   1.1001959e+00
   1.6700000e+01   1.0000000e+00   2.0000000e+00   3.8465290e+00   1.1542719e+00
   1.6800000e+01   1.0000000e+00   2.0000000e+00   3.8615161e+00   1.2103562e+00
   1.6900000e+01   1.0000000e+00   2.0000000e+00   3.8753617e+00   1.2684666e+00
   1.7000000e+01   1.0000000e+00   2.0000000e+00   3.8881183e+00   1.3286160e+00
   1.7100000e+01   1.0000000e+00   2.0000000e+00   3.8998389e+00   1.3908122e+00
   1.7200000e+01   1.0000000e+00   2.0000000e+00   3.9105776e+00   1.4550569e+00
   1.7300000e+01   1.0000000e+00   2.0000000e+00   3.9203884e+00   1.5213463e+00
   1.7400000e+01   1.0000000e+00   2.0000000e+00   3.9293254e+00   1.5896699e+00
   1.7500000e+01   1.0000000e+00   2.0000000e+00   3.9374422e+00   1.6600105e+00
   1.7600000e+01   1.0000000e+00   2.0000000e+00   3.9447920e+00   1.7323439e+00
   1.7700000e+01   1.0000000e+00   2.0000000e+00   3.9514266e+00   1.8066384e+00
   1.7800000e+01   1.0000000e+00   2.0000000e+00   3.9573969e+00   1.8828551e+00
   1.7900000e+01   1.0000000e+00   2.0000000e+00   3.9627521e+00   1.9609468e+00
   1.8000000e+01   1.0000000e+00   2.0000000e+00   3.9675400e+00   2.0408585e+00
   1.8100000e+01   1.0000000e+00   2.0000000e+00   3.9718064e+00   2.1225271e+00
   1.8200000e+01   1.0000000e+00   2.0000000e+00   3.9755951e+00   2.2058812e+00
   1.8300000e+01   1.0000000e+00   2.0000000e+00   3.9789480e+00   2.2908411e+00
   1.8400000e+01   1.0000000e+00   2.0000000e+00   3.9819047e+00   2.3773189e+00
   1.8500000e+01   1.0000000e+00   2.0000000e+00   3.9845025e+00   2.4652184e+00
   1.8600000e+01   1.0000000e+00   2.0000000e+00   3.9867766e+00   2.5544355e+00
   1.8700000e+01   1.0000000e+00   2.0000000e+00   3.9887599e+00   2.6448581e+00
   1.8800000e+01   1.0000000e+00   2.0000000e+00   3.9904827e+00   2.7363666e+00
   1.8900000e+01   1.0000000e+00   2.0000000e+00   3.9919735e+00   2.8288343e+00
   1.9000000e+01   1.0000000e+00   2.0000000e+00   3.9932582e+00   2.9221275e+00
   1.9100000e+01   1.0000000e+00   2.0000000e+00   3.9943608e+00   3.0161063e+00
   1.9200000e+01   1.0000000e+00   2.0000000e+00   3.9953032e+00   3.1106250e+00
   1.9300000e+01   1.0000000e+00   2.0000000e+00   3.9961050e+00   3.2055327e+00
   1.9400000e+01   1.0000000e+00   2.0000000e+00   3.9967844e+00   3.3006741e+00
   1.9500000e+01   1.0000000e+00   2.0000000e+00   3.9973573e+00   3.3958900e+00
   1.9600000e+01   1.0000000e+00   2.0000000e+00   3.9978383e+00   3.4910183e+00
   1.9700000e+01   1.0000000e+00   2.0000000e+00   3.9982402e+00   3.5858949e+00
   1.9800000e+01   1.0000000e+00   2.0000000e+00   3.9985743e+00   3.6803541e+00
   1.9900000e+01   1.0000000e+00   2.0000000e+00   3.9988508e+00   3.7742303e+00
   2.0000000e+01   1.0000000e+00   2.0000000e+00   3.9990784e+00   3.8673582e+00
   2.0100000e+01   1.0000000e+00   2.0000000e+00   3.9992648e+00   3.9595740e+00
   2.0200000e+01   1.0000000e+00   2.0000000e+00   3.9994166e+00   4.0507165e+00
   2.0300000e+01   1.0000000e+00   2.0000000e+00   3.9995396e+00   4.1406280e+00
   2.0400000e+01   1.0000000e+00   2.0000000e+00   3.9996387e+00   4.2291551e+00
   2.0500000e+01   1.0000000e+00   2.0000000e+00   3.9997181e+00   4.3161497e+00
   2.0600000e+01   1.0000000e+00   2.0000000e+00   3.9997814e+00   4.4014700e+00
   2.0700000e+01   1.0000000e+00   2.0000000e+00   3.9998314e+00   4.4849811e+00
   2.0800000e+01   1.0000000e+00   2.0000000e+00   3.9998708e+00   4.5665560e+00
   2.0900000e+01   1.0000000e+00   2.0000000e+00   3.9999017e+00   4.6460762e+00
   2.1000000e+01   1.0000000e+00   2.0000000e+00   3.9999256e+00   4.7234327e+00
   2.1100000e+01   1.0000000e+00   2.0000000e+00   3.9999441e+00   4.7985261e+00
   2.1200000e+01   1.0000000e+00   2.0000000e+00   3.9999583e+00   4.8712672e+00
   2.1300000e+01   1.0000000e+00   2.0000000e+00   3.9999691e+00   4.9415780e+00
   2.1400000e+01   1.0000000e+00   2.0000000e+00   3.9999772e+00   5.0093910e+00
   2.1500000e+01   1.0000000e+00   2.0000000e+00   3.9999834e+00   5.0746506e+00
   2.1600000e+01   1.0000000e+00   2.0000000e+00   3.9999879e+00   5.1373122e+00
   2.1700000e+01   1.0000000e+00   2.0000000e+00   3.9999913e+00   5.1973429e+00
   2.1800000e+01   1.0000000e+00   2.0000000e+00   3.9999938e+00   5.2547212e+00
   2.1900000e+01   1.0000000e+00   2.0000000e+00   3.9999956e+00   5.3094368e+00
   2.2000000e+01   1.0000000e+00   2.0000000e+00   3.9999969e+00   5.3614907e+00
   2.2100000e+01   1.0000000e+00   2.0000000e+00   3.9999978e+00   5.4108942e+00
   2.2200000e+01   1.0000000e+00   2.0000000e+00   3.9999985e+00   5.4576691e+00
   2.2300000e+01   1.0000000e+00   2.0000000e+00   3.9999990e+00   5.5018472e+00
   2.2400000e+01   1.0000000e+00   2.0000000e+00   3.9999993e+00   5.5434692e+00
   2.2500000e+01   1.0000000e+00   2.0000000e+00   3.9999995e+00   5.5825847e+00
   2.2600000e+01   1.0000000e+00   2.0000000e+00   3.9999997e+00   5.6192511e+00
   2.2700000e+01   1.0000000e+00   2.0000000e+00   3.9999998e+00   5.6535332e+00
   2.2800000e+01   1.0000000e+00   2.0000000e+00   3.9999999e+00   5.6855023e+00
   2.2900000e+01   1.0000000e+00   2.0000000e+00   3.9999999e+00   5.7152355e+00
   2.3000000e+01   1.0000000e+00   2.0000000e+00   3.9999999e+00   5.7428147e+00
   2.3100000e+01   1.0000000e+00   2.0000000e+00   4.0000000e+00   5.7683263e+00
   2.3200000e+01   1.0000000e+00   2.0000000e+00   4.0000000e+00   5.7918599e+00
   2.3300000e+01   1.0000000e+00   2.0000000e+00   4.0000000e+00   5.8135078e+00
   2.3400000e+01   1.0000000e+00   2.0000000e+00   4.0000000e+00   5.8333643e+00
   2.3500000e+01   1.0000000e+00   2.0000000e+00   4.0000000e+00   5.8515246e+00
   2.3600000e+01   1.0000000e+00   2.0000000e+00   4.0000000e+00   5.8680849e+00
   2.3700000e+01   1.0000000e+00   2.0000000e+00   4.0000000e+00   5.8831406e+00
   2.3800000e+01   1.0000000e+00   2.0000000e+00   4.0000000e+00   5.8967868e+00
   2.3900000e+01   1.0000000e+00   2.0000000e+00   4.0000000e+00   5.9091170e+00
   2.4000000e+01   1.0000000e+00   2.0000000e+00   4.0000000e+00   5.9202229e+00
   2.4100000e+01   1.0000000e+00   2.0000000e+00   4.0000000e+00   5.9301939e+00
   2.4200000e+01   1.0000000e+00   2.0000000e+00   4.0000000e+00   5.9391166e+00
   2.4300000e+01   1.0000000e+00   2.0000000e+00   4.0000000e+00   5.9470746e+00
   2.4400000e+01   1.0000000e+00   2.0000000e+00   4.0000000e+00   5.9541480e+00
   2.4500000e+01   1.0000000e+00   2.0000000e+00   4.0000000e+00   5.9604133e+00
   2.4600000e+01   1.0000000e+00   2.0000000e+00   4.0000000e+00   5.9659432e+00
   2.4700000e+01   1.0000000e+00   2.0000000e+00   4.0000000e+00   5.9708064e+00
   2.4800000e+01   1.0000000e+00   2.0000000e+00   4.0000000e+00   5.9750674e+00
   2.4900000e+01   1.0000000e+00   2.0000000e+00   4.0000000e+00   5.9787869e+00
   2.5000000e+01   1.0000000e+00   2.0000000e+00   4.0000000e+00   5.9820210e+00
   2.5100000e+01   1.0000000e+00   2.0000000e+00   4.0000000e+00   5.9848222e+00
   2.5200000e+01   1.0000000e+00   2.0000000e+00   4.0000000e+00   5.9872386e+00
   2.5300000e+01   1.0000000e+00   2.0000000e+00   4.0000000e+00   5.9893146e+00
   2.5400000e+01   1.0000000e+00   2.0000000e+00   4.0000000e+00   5.9910906e+00
   2.5500000e+01   1.0000000e+00   2.0000000e+00   4.0000000e+00   5.9926035e+00
   2.5600000e+01   1.0000000e+00   2.0000000e+00   4.0000000e+00   5.9938866e+00
   2.5700000e+01   1.0000000e+00   2.0000000e+00   4.0000000e+00   5.9949700e+00
   2.5800000e+01   1.0000000e+00   2.0000000e+00   4.0000000e+00   5.9958805e+00
   2.5900000e+01   1.0000000e+00   2.0000000e+00   4.0000000e+00   5.9966421e+00
   2.6000000e+01   1.0000000e+00   2.0000000e+00   4.0000000e+00   5.9972762e+00
   2.6100000e+01   1.0000000e+00   2.0000000e+00   4.0000000e+00   5.9978015e+00
   2.6200000e+01   1.0000000e+00   2.0000000e+00   4.0000000e+00   5.9982345e+00
   2.6300000e+01   1.0000000e+00   2.0000000e+00   4.0000000e+00   5.9985895e+00
   2.6400000e+01   1.0000000e+00   2.0000000e+00   4.0000000e+00   5.9988792e+00
   2.6500000e+01   1.0000000e+00   2.0000000e+00   4.0000000e+00   5.9991142e+00
   2.6600000e+01   1.0000000e+00   2.0000000e+00   4.0000000e+00   5.9993038e+00
   2.6700000e+01   1.0000000e+00   2.0000000e+00   4.0000000e+00   5.9994559e+00
   2.6800000e+01   1.0000000e+00   2.0000000e+00   4.0000000e+00   5.9995773e+00
   2.6900000e+01   1.0000000e+00   2.0000000e+00   4.0000000e+00   5.9996736e+00
   2.7000000e+01   1.0000000e+00   2.0000000e+00   4.0000000e+00   5.9997494e+00
   2.7100000e+01   1.0000000e+00   2.0000000e+00   4.0000000e+00   5.9998089e+00
   2.7200000e+01   1.0000000e+00   2.0000000e+00   4.0000000e+00   5.9998552e+00
   2.7300000e+01   1.0000000e+00   2.0000000e+00   4.0000000e+00   5.9998909e+00
   2.7400000e+01   1.0000000e+00   2.0000000e+00   4.0000000e+00   5.9999184e+00
   2.7500000e+01   1.0000000e+00   2.0000000e+00   4.0000000e+00   5.9999394e+00
   2.7600000e+01   1.0000000e+00   2.0000000e+00   4.0000000e+00   5.9999553e+00
   2.7700000e+01   1.0000000e+00   2.0000000e+00   4.0000000e+00   5.9999673e+00
   2.7800000e+01   1.0000000e+00   2.0000000e+00   4.0000000e+00   5.9999762e+00
   2.7900000e+01   1.0000000e+00   2.0000000e+00   4.0000000e+00   5.9999828e+00
   2.8000000e+01   1.0000000e+00   2.0000000e+00   4.0000000e+00   5.9999877e+00
   2.8100000e+01   1.0000000e+00   2.0000000e+00   4.0000000e+00   5.9999913e+00
   2.8200000e+01   1.0000000e+00   2.0000000e+00   4.0000000e+00   5.9999939e+00
   2.8300000e+01   1.0000000e+00   2.0000000e+00   4.0000000e+00   5.9999957e+00
   2.8400000e+01   1.0000000e+00   2.0000000e+00   4.0000000e+00   5.9999970e+00
   2.8500000e+01   1.0000000e+00   2.0000000e+00   4.0000000e+00   5.9999980e+00
   2.8600000e+01   1.0000000e+00   2.0000000e+00   4.0000000e+00   5.9999986e+00
   2.8700000e+01   1.0000000e+00   2.0000000e+00   4.0000000e+00   5.9999991e+00
   2.8800000e+01   1.0000000e+00   2.0000000e+00   4.0000000e+00   5.9999994e+00
   2.8900000e+01   1.0000000e+00   2.0000000e+00   4.0000000e+00   5.9999996e+00
   2.9000000e+01   1.0000000e+00   2.0000000e+00   4.0000000e+00   5.9999997e+00
   2.9100000e+01   1.0000000e+00   2.0000000e+00   4.0000000e+00   5.9999998e+00
   2.9200000e+01   1.0000000e+00   2.0000000e+00   4.0000000e+00   5.9999999e+00
   2.9300000e+01   1.0000000e+00   2.0000000e+00   4.0000000e+00   5.9999999e+00
   2.9400000e+01   1.0000000e+00   2.0000000e+00   4.0000000e+00   6.0000000e+00
   2.9500000e+01   1.0000000e+00   2.0000000e+00   4.0000000e+00   6.0000000e+00
   2.9600000e+01   1.0000000e+00   2.0000000e+00   4.0000000e+00   6.0000000e+00
   2.9700000e+01   1.0000000e+00   2.0000000e+00   4.0000000e+00   6.0000000e+00
   2.9800000e+01   1.0000000e+00   2.0000000e+00   4.0000000e+00   6.0000000e+00
   2.9900000e+01   1.0000000e+00   2.0000000e+00   4.0000000e+00   6.0000000e+00
   3.0000000e+01   1.0000000e+00   2.0000000e+00   4.0000000e+00   6.0000000e+00
