0.0
0.0
0.0
0.0
0.0
0.222222222222
0.222222222222
0.222222222222
0.222222222222
0.222222222222
0.222222222222
0.222222222222
0.222222222222
0.228387616736
0.232882329339
0.236962869555
0.242735042138
0.25
0.25
0.25
0.25
0.25
0.25
0.25
0.25
0.25
0.25
0.25
0.25
0.254485645422
0.268939395325
0.273633441211
0.282119206808
0.333333333333
0.333333333333
0.333333333333
0.333333333333
0.333333333333
0.333333333333
0.333333333333
0.333333333333
0.333333333333
0.333333333333
0.333333333333
0.333333333333
0.337296868358
0.341346154404
0.342799596795
0.357232704996
0.367399739367
0.368831168237
0.378162449664
0.386994088433
0.387522769724
0.394803990991
0.423248879818
0.471760797311
0.49441833
0.494623658467
0.5
0.5
0.5
0.5
0.5
0.5
0.5
0.5
0.5
0.5
0.5
0.5
0.5
0.5
0.5
0.5
0.5
0.5
0.5
0.505338078148
0.505338078148
0.505411904572
0.508960571507
0.509580838268
0.509886157208
0.510030392961
0.513888890459
0.514510280677
0.515757575001
0.52080783545
0.523048552923
0.524984577791
0.529558185052
0.535894204538
0.539290238392
0.555120680183
0.556937174357
0.560975608388
0.57181207762
0.578804344649
0.59510489801
0.666666666667
0.666666666667
0.666666666667
0.666666666667
0.666666666667
0.666666666667
0.666666666667
0.666666666667
0.687676766668
0.74970623
0.754216864431
0.8
0.8
0.8
0.8
0.8
0.8
0.8
0.8
0.8
0.8
0.801882354677
0.803773588394
0.809994054947
0.810463735192
0.81047619093
0.811428573863
0.813381119881
0.817777777414
0.818247299352
0.819747143051
0.84571428209
0.85046845663
0.856281407465
0.858511978319
0.86938775834
0.874787831111
0.879488186667
0.88175937448
0.888888888889
0.888888888889
0.888888888889
0.888888888889
0.888888888889
0.888888888889
0.888888888889
0.888888888889
0.888888888889
0.888888888889
0.888888888889
0.888888888889
0.888888888889
0.902844874727
0.91523828802
0.9213300915
0.921931073739
0.93008226
0.93813848183
0.9706228
1.0
1.0
1.0
1.0
1.0
1.0
1.0
1.0
1.0
1.0
1.0
1.0
1.0
1.0
1.0
1.0
1.0
1.0
1.0
1.0
1.0
1.0
1.0
1.0
1.0
1.0
1.0
1.0
1.0
1.0
1.0
1.0
1.0
1.0
1.0
1.0
1.0
1.0
1.0
1.0
1.0
1.0
1.0
