0 195.0
1 195.0
2 195.0
3 195.0
4 195.0
5 195.0
6 193.1
7 186.8
8 191.1
9 193.1
10 191.1
11 193.1
12 183.1
13 182.7
14 190.9
15 191.1
16 174.9
17 176.9
18 174.1
19 194.8
20 181.0
21 178.8
22 189.0
23 176.7
24 170.6
25 153.5
26 121.1
27 100.8
28 122.7
29 94.3
30 103.7
31 109.3
32 113.5
33 104.8
34 114.7
35 96.0
36 99.0
37 97.6
38 86.3
39 96.7
40 76.6
41 84.4
42 82.7
43 82.6
44 85.5
45 84.0
46 88.3
47 97.6
48 96.2
49 72.0
50 81.1
51 84.8
52 71.4
53 81.6
54 86.1
55 86.3
56 55.8
57 52.6
58 57.3
59 53.0
60 60.4
61 60.0
62 59.9
63 50.4
64 44.0
65 36.9
66 40.6
67 34.5
68 26.3
69 29.0
70 35.0
71 23.9
72 23.3
73 22.5
74 23.4
75 23.1
76 25.4
77 21.2
78 23.8
79 22.4
80 23.8
81 23.3
82 23.4
83 29.1
84 20.3
85 23.3
86 22.2
87 25.8
88 22.8
89 23.1
90 25.7
91 24.8
92 35.6
93 41.1
94 37.4
95 36.5
96 36.5
97 36.2
98 62.5
99 61.2
100 64.9
101 45.8
102 66.0
103 82.4
104 72.9
105 64.7
106 73.6
107 62.8
108 70.8
109 67.5
110 66.0
111 70.6
112 81.7
113 82.7
114 111.3
115 78.7
116 76.0
117 80.0
118 83.1
119 71.2
120 82.0
121 67.5
122 112.5
123 119.4
124 119.7
125 110.6
126 140.2
127 102.0
128 127.4
129 109.6
130 112.9
131 92.3
132 101.3
133 116.5
134 84.8
135 99.3
136 92.4
137 100.4
138 89.6
139 94.1
140 119.1
141 96.1
142 102.0
143 134.7
144 113.8
145 92.7
146 122.5
147 132.8
148 144.5
149 142.2
150 153.3
151 144.5
152 142.2
153 150.9
154 184.9
155 166.3
156 187.0
157 180.4
158 180.0
159 170.0
160 177.8
161 181.2
162 177.9
163 181.2
164 195.0
165 189.2
166 184.1
167 194.8
168 191.1
169 182.7
170 189.0
171 180.6
172 187.0
173 195.0
174 195.0
175 190.9
176 191.1
177 190.9
178 188.5
179 193.1
180 195.0
181 195.0
182 190.9
183 189.0
184 195.0
185 195.0
186 195.0
187 190.4
188 195.0
189 195.0
190 192.9
191 195.0
192 193.1
193 195.0
194 195.0
195 193.1
196 195.0
197 195.0
198 193.1
199 193.1
200 195.0
201 193.1
202 195.0
203 187.8
204 195.0
