        0   55.6000
    1.0000   54.5500
    2.0000   52.5500
    3.0000   55.3400
    4.0000   57.9900
    5.0000   52.3600
    6.0000   49.6300
    7.0000   56.8700
    8.0000   56.8600
    9.0000   52.2200
   10.0000   55.3800
   11.0000   61.2900
   12.0000   61.0800
   13.0000   64.0700
   14.0000   59.3200
   15.0000   56.8100
   16.0000   62.3000
   17.0000   56.1200
   18.0000   58.5600
   19.0000   63.3300
   20.0000   61.9200
   21.0000   58.6600
   22.0000   56.9800
   23.0000   57.8400
   24.0000   54.5700
   25.0000   56.8200
   26.0000   44.9300
   27.0000   52.3000
   28.0000   48.3700
   29.0000   48.7600
   30.0000   48.2000
   31.0000   45.6500
   32.0000   43.3900
   33.0000   50.5600
   34.0000   49.7500
   35.0000   56.0900
   36.0000   55.5300
   37.0000   52.6100
   38.0000   51.0400
   39.0000   43.9700
   40.0000   46.8500
   41.0000   53.7300
   42.0000   46.9400
   43.0000   50.2800
   44.0000   55.6600
   45.0000   55.4200
   46.0000   44.9600
   47.0000   52.0300
   48.0000   57.2000
   49.0000   55.3900
   50.0000   53.3500
   51.0000   44.2500
   52.0000   44.5400
   53.0000   41.0600
   54.0000   42.7800
   55.0000   36.3200
   56.0000   30.8600
   57.0000   27.9100
   58.0000   27.6700
   59.0000   32.1400
   60.0000   31.6300
   61.0000   33.6600
   62.0000   34.6200
   63.0000   29.3400
   64.0000   27.2600
   65.0000   27.2900
   66.0000   31.2300
   67.0000   31.7200
   68.0000   26.6600
   69.0000   25.4700
   70.0000   30.1300
   71.0000   32.4600
   72.0000   31.4100
   73.0000   31.5700
   74.0000   30.5300
   75.0000   30.5300
   76.0000   30.6200
   77.0000   28.4200
   78.0000   30.9500
   79.0000   30.4900
   80.0000   27.9700
   81.0000   26.0800
   82.0000   27.2300
   83.0000   30.0700
   84.0000   24.8900
   85.0000   23.0800
   86.0000   22.3700
   87.0000   28.0800
   88.0000   27.4800
   89.0000   26.3000
   90.0000   28.4700
   91.0000   27.9900
   92.0000   28.6500
   93.0000   24.4100
   94.0000   23.6800
   95.0000   25.2400
   96.0000   24.6900
   97.0000   20.0800
   98.0000   23.2900
   99.0000   16.3300
  100.0000   19.3500
  101.0000   19.2200
  102.0000   18.7300
  103.0000   21.7000
  104.0000   24.0600
  105.0000   22.6300
  106.0000   26.2200
  107.0000   25.5900
  108.0000   21.3400
  109.0000   22.8300
  110.0000   21.2700
  111.0000   22.2300
  112.0000   19.1500
  113.0000   19.8300
  114.0000   17.5000
  115.0000   21.8800
  116.0000   23.4100
  117.0000   22.5800
  118.0000   16.5200
  119.0000   19.4100
  120.0000   16.8100
  121.0000   19.1900
  122.0000   16.4200
  123.0000   12.0000
  124.0000   14.4000
  125.0000   14.2300
  126.0000   12.2000
  127.0000   14.0900
  128.0000   16.7600
  129.0000   13.1500
  130.0000   14.5900
  131.0000   16.2800
  132.0000   18.6700
  133.0000   19.0700
  134.0000   18.8200
  135.0000   19.7600
  136.0000   14.1700
  137.0000   19.8300
  138.0000   18.3200
  139.0000   20.2400
  140.0000   22.0400
  141.0000   15.6600
  142.0000   19.6800
  143.0000   17.3900
  144.0000   16.4300
  145.0000   16.7000
  146.0000   20.5200
  147.0000   12.8600
  148.0000   13.3800
  149.0000   15.1800
  150.0000   12.3300
  151.0000   11.4000
  152.0000   14.7300
  153.0000   15.0700
  154.0000   19.2200
  155.0000   16.1200
  156.0000   17.6300
  157.0000   18.4600
  158.0000   14.3000
  159.0000   16.2100
  160.0000   15.9300
  161.0000   13.4600
  162.0000   14.8600
  163.0000   14.4000
  164.0000   16.4000
  165.0000   15.0600
  166.0000   18.8100
  167.0000   15.8900
  168.0000   14.6300
  169.0000   11.7400
  170.0000   13.4800
  171.0000   13.8200
  172.0000   14.2200
  173.0000   17.1200
  174.0000   12.9100
  175.0000   14.6600
  176.0000   14.4100
  177.0000   16.4800
  178.0000   15.3300
  179.0000   22.7100
  180.0000   21.7400
  181.0000   21.6000
  182.0000   22.4100
  183.0000   23.8200
  184.0000   22.1900
  185.0000   20.5800
  186.0000   19.8400
  187.0000   21.8400
  188.0000   24.3000
  189.0000   22.7100
  190.0000   22.9100
  191.0000   20.1200
  192.0000   17.6500
  193.0000   18.6400
  194.0000   27.7600
  195.0000   26.0800
  196.0000   25.0400
  197.0000   25.5300
  198.0000   26.0100
  199.0000   24.4500
  200.0000   26.1400
  201.0000   27.1700
  202.0000   27.9500
  203.0000   23.5500
  204.0000   23.2700
  205.0000   20.6000
  206.0000   18.1000
  207.0000   19.5500
  208.0000   22.5600
  209.0000   25.2600
  210.0000   23.9500
  211.0000   23.2800
  212.0000   25.2300
  213.0000   23.2400
  214.0000   23.1700
  215.0000   25.2800
  216.0000   23.2200
  217.0000   24.9700
  218.0000   25.1500
  219.0000   29.4800
  220.0000   30.6000
  221.0000   29.1300
  222.0000   28.2500
  223.0000   32.4000
  224.0000   27.7800
  225.0000   26.8000
  226.0000   30.0100
  227.0000   34.7400
  228.0000   31.0900
  229.0000   36.3100
  230.0000   35.0100
  231.0000   38.7900
  232.0000   38.7800
  233.0000   38.5500
  234.0000   38.5200
  235.0000   45.0200
  236.0000   44.9700
  237.0000   48.5000
  238.0000   49.2000
  239.0000   52.9900
  240.0000   48.4500
  241.0000   40.8400
  242.0000   33.2200
  243.0000   31.1700
  244.0000   28.3400
  245.0000   26.5300
  246.0000   27.0700
  247.0000   29.3200
  248.0000   29.3100
  249.0000   33.2200
  250.0000   36.3600
  251.0000   35.4500
  252.0000   34.0200
  253.0000   35.0800
  254.0000   32.1800
  255.0000   33.2600
  256.0000   38.5500
  257.0000   47.4800
  258.0000   47.4800
  259.0000   44.1000
  260.0000   39.8500
  261.0000   40.6900
  262.0000   35.2700
  263.0000   34.8100
  264.0000   33.9000
  265.0000   36.6300
  266.0000   45.2500
  267.0000   48.9100
  268.0000   42.4700
  269.0000   35.1100
  270.0000   38.2600
  271.0000   52.3200
  272.0000   50.8100
  273.0000   44.1500
