         0   61.0000
    1.0000   60.7300
    2.0000   60.0700
    3.0000   61.2000
    4.0000   63.3100
    5.0000   60.2900
    6.0000   58.8600
    7.0000   63.4400
    8.0000   62.8900
    9.0000   60.6300
   10.0000   62.1800
   11.0000   64.0000
   12.0000   64.3000
   13.0000   64.8200
   14.0000   63.7700
   15.0000   63.1100
   16.0000   64.1000
   17.0000   62.0000
   18.0000   62.8700
   19.0000   64.8400
   20.0000   64.4900
   21.0000   63.9400
   22.0000   63.6800
   23.0000   62.6500
   24.0000   62.1000
   25.0000   60.7900
   26.0000   54.3800
   27.0000   60.9600
   28.0000   58.5500
   29.0000   57.0800
   30.0000   56.3100
   31.0000   54.4900
   32.0000   52.4300
   33.0000   59.2700
   34.0000   58.7800
   35.0000   62.5200
   36.0000   61.7700
   37.0000   61.0600
   38.0000   58.8600
   39.0000   54.1800
   40.0000   57.8000
   41.0000   60.4100
   42.0000   57.7200
   43.0000   60.2500
   44.0000   61.8000
   45.0000   62.3500
   46.0000   57.9400
   47.0000   60.4700
   48.0000   61.5000
   49.0000   61.6100
   50.0000   60.9500
   51.0000   55.4200
   52.0000   54.7800
   53.0000   51.7800
   54.0000   51.3500
   55.0000   44.8700
   56.0000   39.7800
   57.0000   33.8200
   58.0000   33.2300
   59.0000   36.4600
   60.0000   37.4500
   61.0000   39.8400
   62.0000   43.1900
   63.0000   39.0000
   64.0000   33.6300
   65.0000   28.3700
   66.0000   34.2300
   67.0000   34.1000
   68.0000   31.1900
   69.0000   30.6800
   70.0000   34.9800
   71.0000   38.1900
   72.0000   39.1700
   73.0000   37.4000
   74.0000   35.9800
   75.0000   34.3900
   76.0000   33.8200
   77.0000   32.9600
   78.0000   35.3500
   79.0000   35.2500
   80.0000   32.8800
   81.0000   29.0800
   82.0000   30.6400
   83.0000   35.5600
   84.0000   28.6800
   85.0000   25.7100
   86.0000   25.4600
   87.0000   32.2000
   88.0000   31.6100
   89.0000   29.7700
   90.0000   31.8100
   91.0000   30.8900
   92.0000   30.7300
   93.0000   26.2100
   94.0000   25.6900
   95.0000   27.8300
   96.0000   27.4000
   97.0000   22.7300
   98.0000   26.7400
   99.0000   20.8300
  100.0000   23.4300
  101.0000   22.7400
  102.0000   22.7200
  103.0000   23.8700
  104.0000   25.5100
  105.0000   25.4700
  106.0000   28.8800
  107.0000   29.5200
  108.0000   24.6700
  109.0000   25.9600
  110.0000   23.2600
  111.0000   23.8700
  112.0000   22.6600
  113.0000   23.2500
  114.0000   21.1400
  115.0000   24.7200
  116.0000   25.3400
  117.0000   25.6200
  118.0000   18.9900
  119.0000   23.0500
  120.0000   21.1400
  121.0000   22.4600
  122.0000   20.4700
  123.0000   16.1300
  124.0000   17.5400
  125.0000   16.7700
  126.0000   16.1400
  127.0000   19.3300
  128.0000   19.7400
  129.0000   15.4700
  130.0000   19.1400
  131.0000   20.0000
  132.0000   21.8400
  133.0000   23.0900
  134.0000   21.3600
  135.0000   22.4500
  136.0000   18.4200
  137.0000   23.4700
  138.0000   24.1400
  139.0000   23.5900
  140.0000   23.1100
  141.0000   18.6400
  142.0000   22.4700
  143.0000   20.3600
  144.0000   19.7800
  145.0000   20.4400
  146.0000   22.5700
  147.0000   15.0400
  148.0000   16.5900
  149.0000   18.3600
  150.0000   15.9000
  151.0000   15.1700
  152.0000   18.5900
  153.0000   17.3700
  154.0000   21.8100
  155.0000   20.4500
  156.0000   20.6600
  157.0000   22.0700
  158.0000   19.5200
  159.0000   21.6600
  160.0000   19.7500
  161.0000   17.4400
  162.0000   18.6800
  163.0000   18.5600
  164.0000   19.8600
  165.0000   16.4700
  166.0000   21.0900
  167.0000   20.4500
  168.0000   18.0900
  169.0000   13.8800
  170.0000   15.5400
  171.0000   16.5300
  172.0000   17.7300
  173.0000   19.9900
  174.0000   16.4700
  175.0000   18.3300
  176.0000   18.1900
  177.0000   20.6800
  178.0000   18.7200
  179.0000   24.6300
  180.0000   25.3900
  181.0000   25.8300
  182.0000   23.7300
  183.0000   25.5900
  184.0000   25.7200
  185.0000   23.6000
  186.0000   23.1400
  187.0000   24.5700
  188.0000   26.4800
  189.0000   25.9600
  190.0000   25.2200
  191.0000   24.1100
  192.0000   20.6100
  193.0000   20.6700
  194.0000   30.3800
  195.0000   27.8900
  196.0000   26.0900
  197.0000   27.1700
  198.0000   28.4800
  199.0000   27.9100
  200.0000   29.5100
  201.0000   28.9400
  202.0000   31.7700
  203.0000   28.6000
  204.0000   27.0600
  205.0000   23.8100
  206.0000   21.6400
  207.0000   23.8100
  208.0000   24.9000
  209.0000   26.1200
  210.0000   25.8200
  211.0000   27.0000
  212.0000   28.2300
  213.0000   25.4200
  214.0000   25.2800
  215.0000   28.0000
  216.0000   25.7100
  217.0000   26.7800
  218.0000   27.6400
  219.0000   31.2300
  220.0000   33.6400
  221.0000   33.4500
  222.0000   34.7900
  223.0000   39.7800
  224.0000   35.0500
  225.0000   34.3600
  226.0000   35.2800
  227.0000   43.8400
  228.0000   39.1900
  229.0000   45.2400
  230.0000   45.4400
  231.0000   47.0000
  232.0000   50.9200
  233.0000   46.2800
  234.0000   48.2300
  235.0000   56.8200
  236.0000   57.4600
  237.0000   57.9400
  238.0000   58.8400
  239.0000   62.6600
  240.0000   60.7800
  241.0000   52.7800
  242.0000   39.3500
  243.0000   33.8700
  244.0000   30.8000
  245.0000   28.5800
  246.0000   29.8000
  247.0000   34.2600
  248.0000   37.1300
  249.0000   40.4300
  250.0000   45.7500
  251.0000   45.8000
  252.0000   42.2400
  253.0000   45.4700
  254.0000   41.7800
  255.0000   41.5900
  256.0000   46.2700
  257.0000   57.4800
  258.0000   59.6300
  259.0000   57.2800
  260.0000   50.9600
  261.0000   50.3500
  262.0000   45.4700
  263.0000   48.5800
  264.0000   44.8200
  265.0000   44.7200
  266.0000   54.3700
  267.0000   58.4600
  268.0000   52.3700
  269.0000   43.4500
  270.0000   44.4600
  271.0000   60.7900
  272.0000   58.4500
  273.0000   55.1700
