0.0
0.0
0.0
0.0
0.0
0.0
0.0
0.0
0.0
0.0
0.0
0.0
0.0
0.0
0.0
0.0
0.0
0.0
0.0
0.0
0.0
0.0
0.0
0.0
0.0
0.0
0.0
0.0
0.0
0.0
0.0
0.0
0.0
0.0
0.0
0.0
0.0
0.001760565
0.01566784
0.02555817
0.03877791
0.0532081333333
0.05728554
0.0735524266667
0.08225616
0.0963572266667
0.133176653333
0.13396005
0.202464795
0.210863033333
0.277451366667
0.317926622222
0.334247288889
0.345345344444
0.405405405
0.428794986667
0.4977992925
0.501370933333
0.6417253575
0.64436619
0.666666666667
0.674230566667
0.692649166667
0.707664188889
0.7077464775
0.74970623
0.75
0.75
0.752643945
0.757922535
0.762501633333
0.76525822
0.79655712
0.8115942
0.816294551111
0.83333333
0.84859155
0.85211268
0.85311398
0.8560517
0.86251469
0.87687688
0.888888888889
0.91186839
0.93008226
0.950704222222
0.96357227
0.965825975608
0.97356052
0.97532315
0.9800235
0.98122066
0.98474178
0.98826291
0.98942421
0.993341173333
0.995005875
1.0
1.0
1.0
1.0
1.0
1.0
1.0
1.0
1.0
1.0
1.0
1.0
1.0
1.0
1.0
1.0
1.0
1.0
1.0
1.0
1.0
1.0
1.0
1.0
1.0
1.0
1.0
1.0
1.0
1.0
1.0
1.0
1.0
1.0
1.0
1.0
1.0
1.0
1.0
1.0
1.0
1.0
1.0
1.0
1.0
1.0
1.0
1.0
1.0
1.0
1.0
1.0
1.0
1.0
1.0
1.0
1.0
1.0
1.0
1.0
1.0
1.0
1.0
1.0
1.0
1.0
1.0
1.0
1.0
1.0
1.0
1.0
1.0
1.0
1.0
1.0
1.0
1.0
1.0
1.0
1.0
1.0
1.0
1.0
1.0
1.0
1.0
1.0
1.0
1.0
1.0
1.0
1.0
1.0
1.0
1.0
1.0
1.0
1.0
1.0
1.0
1.0
1.0
1.0
1.0
