0.0
0.0
0.0
0.0
0.0
0.0
0.0
0.0
0.0
0.0
0.0
0.0
0.0
0.0
0.0
0.0
0.0
0.0
0.0
0.0
0.0
0.0
0.0
0.01566784
0.02555817
0.03877791
0.05728554
0.0735524266667
0.0963572266667
0.133176653333
0.13396005
0.210863033333
0.277451366667
0.317926622222
0.345345344444
0.405405405
0.406580493333
0.428794986667
0.634547586667
0.6417253575
0.666666666667
0.666666666667
0.666666666667
0.666666666667
0.674230566667
0.682692308808
0.707664188889
0.714465409991
0.74970623
0.75
0.75
0.75
0.75
0.752643945
0.76525822
0.794337277578
0.816294551111
0.84859155
0.85211268
0.85311398
0.8560517
0.85722679
0.86251469
0.87687688
0.888888888889
0.888888888889
0.888888888889
0.915053759866
0.93008226
0.931529317356
0.93813848183
0.94242068
0.94248826
0.943521594622
0.950704222222
0.96357227
0.965825975608
0.9706228
0.97094016855
0.97356052
0.9800235
0.98122066
0.98122066
0.98239437
0.98474178
0.98824912
0.98826291
0.98883666
0.993341173333
0.995005875
1.0
1.0
1.0
1.0
1.0
1.0
1.0
1.0
1.0
1.0
1.0
1.0
1.0
1.0
1.0
1.0
1.0
1.0
1.0
1.0
1.0
1.0
1.0
1.0
1.0
1.0
1.0
1.0
1.0
1.0
1.0
1.0
1.0
1.0
1.0
1.0
1.0
1.0
1.0
1.0
1.0
1.0
1.0
1.0
1.0
1.0
1.0
1.0
1.0
1.0
1.0
1.0
1.0
1.0
1.0
1.0
1.0
1.0
1.0
1.0
1.0
1.0
1.0
1.0
1.0
1.0
1.0
1.0
1.0
1.0
1.0
1.0
1.0
1.0
1.0
1.0
1.0
1.0
1.0
1.0
1.0
1.0
1.0
1.0
1.0
1.0
1.0
1.0
1.0
1.0
1.0
1.0
1.0
1.0
1.0
1.0
1.0
1.0
1.0
1.0
1.0
1.0
1.0
1.0
1.0
1.0
1.0
1.0
1.0
1.0
1.0
1.0
