0.0
0.0
0.0
0.0
0.0
0.0
0.0
0.0
0.0
0.0
0.0
0.0
0.0
0.0
0.0
0.0
0.0
0.0
0.0
0.0
0.0
0.0
0.0
0.0
0.0
0.0
0.0
0.0
0.0
0.0
0.0
0.0
0.0
0.0
0.0
0.0
0.0
0.0
0.0
0.0
0.0
0.0
0.0
0.0
0.0
0.0
0.0
0.0
0.0
0.0
0.0
0.0
0.0
0.0
0.0
0.0
0.001760565
0.001760565
0.01566784
0.02555817
0.02555817
0.0326413333333
0.03877791
0.04225352625
0.0532081333333
0.05728554
0.0587544
0.0735524266667
0.08225616
0.13396005
0.135526826667
0.202464795
0.210863033333
0.23239436625
0.250000005
0.264394833333
0.277451366667
0.2786091525
0.317926622222
0.334247288889
0.345345344444
0.358401877778
0.35840188
0.370892013333
0.405405405
0.480480477778
0.4977992925
0.501370933333
0.50821596
0.53873239
0.554902733333
0.64436619
0.674230566667
0.6763285
0.692649166667
0.707664188889
0.74970623
0.757922535
0.762501633333
0.76525822
0.76792009
0.77112676125
0.782608695
0.79655712
0.8115942
0.83333333
0.87687688
0.91186839
0.91715629
0.93008226
0.950704222222
0.97532315
0.9800235
0.98474178
0.993341173333
1.0
1.0
1.0
1.0
1.0
1.0
1.0
1.0
1.0
1.0
1.0
1.0
1.0
1.0
1.0
1.0
1.0
1.0
1.0
1.0
1.0
1.0
1.0
1.0
1.0
1.0
1.0
1.0
1.0
1.0
1.0
1.0
1.0
1.0
1.0
1.0
1.0
1.0
1.0
1.0
1.0
1.0
1.0
1.0
1.0
1.0
1.0
1.0
1.0
1.0
1.0
1.0
1.0
1.0
1.0
1.0
1.0
1.0
1.0
1.0
1.0
1.0
1.0
1.0
1.0
1.0
1.0
1.0
1.0
1.0
1.0
1.0
1.0
1.0
1.0
1.0
1.0
1.0
1.0
1.0
1.0
1.0
1.0
1.0
1.0
1.0
1.0
