0.0
0.0
0.0
0.0
0.0
0.0
0.0
0.0
0.0
0.0
0.0
0.0
0.0
0.0
0.0
0.01566784
0.0963572266667
0.133176653333
0.317926622222
0.406580493333
0.428794986667
0.59510489801
0.634547586667
0.666666666667
0.666666666667
0.666666666667
0.666666666667
0.666666666667
0.666666666667
0.666666666667
0.666666666667
0.674593736716
0.682692308808
0.68559919359
0.696673192295
0.714465409991
0.728740931759
0.734799478733
0.737662336474
0.74970623
0.75
0.75
0.75
0.75
0.75
0.752643945
0.756324899327
0.770833335689
0.773988176866
0.775045539448
0.79377203
0.794337277578
0.808935357587
0.816294551111
0.846497759636
0.84859155
0.85211268
0.85722679
0.85771811643
0.858511978319
0.878443662222
0.879488186667
0.88719154
0.888888888889
0.888888888889
0.888888888889
0.888888888889
0.888888888889
0.888888888889
0.9
0.9
0.911243311816
0.913550466945
0.915053759866
0.9213300915
0.93008226
0.931529317356
0.93813848183
0.939689432573
0.94248826
0.943521594622
0.947851478218
0.950704222222
0.9706228
0.97094016855
0.97887324
0.9800235
0.98119859
0.98122066
0.98122066
0.98239437
0.98474178
0.98591549
0.98824912
0.98826291
0.98883666
0.989247316934
0.995005875
1.0
1.0
1.0
1.0
1.0
1.0
1.0
1.0
1.0
1.0
1.0
1.0
1.0
1.0
1.0
1.0
1.0
1.0
1.0
1.0
1.0
1.0
1.0
1.0
1.0
1.0
1.0
1.0
1.0
1.0
1.0
1.0
1.0
1.0
1.0
1.0
1.0
1.0
1.0
1.0
1.0
1.0
1.0
1.0
1.0
1.0
1.0
1.0
1.0
1.0
1.0
1.0
1.0
1.0
1.0
1.0
1.0
1.0
1.0
1.0
1.0
1.0
1.0
1.0
1.0
1.0
1.0
1.0
1.0
1.0
1.0
1.0
1.0
1.0
1.0
1.0
1.0
1.0
1.0
1.0
1.0
1.0
1.0
1.0
1.0
1.0
1.0
1.0
1.0
1.0
1.0
1.0
1.0
1.0
1.0
1.0
1.0
1.0
1.0
1.0
1.0
1.0
1.0
1.0
