  -2.8000000e+01   1.5726575e+01   1.8202526e+01   9.7135674e+00   1.0873135e+01   1.3877444e+01   1.6088783e+01
  -2.6000000e+01   1.8789795e+01   1.8202526e+01   9.7135674e+00   1.0873135e+01   1.3877444e+01   1.6088783e+01
  -2.4000000e+01   2.0376385e+01   1.8202526e+01   9.7135674e+00   1.0873135e+01   1.3877444e+01   1.6088783e+01
  -2.2000000e+01   2.1277908e+01   1.8202526e+01   9.7135674e+00   1.0873135e+01   1.3877444e+01   1.6088783e+01
  -2.0000000e+01   2.1706240e+01   1.8202526e+01   9.7135674e+00   1.0873135e+01   1.3877444e+01   1.6088783e+01
  -1.8000000e+01   2.1051011e+01   1.8202526e+01   9.7135674e+00   1.0873135e+01   1.3877444e+01   1.6088783e+01
  -1.6000000e+01   1.9462551e+01   1.8202526e+01   9.7135674e+00   1.0873135e+01   1.3877444e+01   1.6088783e+01
  -1.4000000e+01   1.6481281e+01   1.8202526e+01   9.7135674e+00   1.0873135e+01   1.3877444e+01   1.6088783e+01
  -1.2000000e+01   1.1123245e+01   1.8202526e+01   9.7135674e+00   1.0873135e+01   1.3877444e+01   1.6088783e+01
  -1.0000000e+01   7.8897100e+00   1.8202526e+01   9.7135674e+00   1.0873135e+01   1.3877444e+01   1.6088783e+01
  -8.0000000e+00   1.0989535e+01   1.8202526e+01   9.7135674e+00   1.0873135e+01   1.3877444e+01   1.6088783e+01
  -6.0000000e+00   1.2075367e+01   1.8202526e+01   9.7135674e+00   1.0873135e+01   1.3877444e+01   1.6088783e+01
  -4.0000000e+00   1.1499867e+01   1.8202526e+01   9.7135674e+00   1.0873135e+01   1.3877444e+01   1.6088783e+01
  -2.0000000e+00   1.2128069e+01   1.8202526e+01   9.7135674e+00   1.0873135e+01   1.3877444e+01   1.6088783e+01
  -1.0000000e+00   1.3346956e+01   1.8202526e+01   9.7135674e+00   1.0873135e+01   1.3877444e+01   1.6088783e+01
   1.0000000e+00   1.5732748e+01   1.8202526e+01   9.7135674e+00   1.0873135e+01   1.3877444e+01   1.6088783e+01
   3.0000000e+00   1.7374549e+01   1.8202526e+01   9.7135674e+00   1.0873135e+01   1.3877444e+01   1.6088783e+01
   5.0000000e+00   1.7836353e+01   1.8202526e+01   9.7135674e+00   1.0873135e+01   1.3877444e+01   1.6088783e+01
   7.0000000e+00   1.7219891e+01   1.8202526e+01   9.7135674e+00   1.0873135e+01   1.3877444e+01   1.6088783e+01
   9.0000000e+00   1.6811370e+01   1.8202526e+01   9.7135674e+00   1.0873135e+01   1.3877444e+01   1.6088783e+01
   1.1000000e+01   1.6835091e+01   1.8202526e+01   9.7135674e+00   1.0873135e+01   1.3877444e+01   1.6088783e+01
   1.3000000e+01   1.5727428e+01   1.8202526e+01   9.7135674e+00   1.0873135e+01   1.3877444e+01   1.6088783e+01
   1.5000000e+01   1.4553700e+01   1.8202526e+01   9.7135674e+00   1.0873135e+01   1.3877444e+01   1.6088783e+01
   1.7000000e+01   1.5700349e+01   1.8202526e+01   9.7135674e+00   1.0873135e+01   1.3877444e+01   1.6088783e+01
   1.9000000e+01   1.8556225e+01   1.8202526e+01   9.7135674e+00   1.0873135e+01   1.3877444e+01   1.6088783e+01
   2.1000000e+01   2.0724923e+01   1.8202526e+01   9.7135674e+00   1.0873135e+01   1.3877444e+01   1.6088783e+01
   2.3000000e+01   2.1848826e+01   1.8202526e+01   9.7135674e+00   1.0873135e+01   1.3877444e+01   1.6088783e+01
   2.5000000e+01   2.1822039e+01   1.8202526e+01   9.7135674e+00   1.0873135e+01   1.3877444e+01   1.6088783e+01
   2.7000000e+01   2.0844495e+01   1.8202526e+01   9.7135674e+00   1.0873135e+01   1.3877444e+01   1.6088783e+01
   2.8000000e+01   1.9881412e+01   1.8202526e+01   9.7135674e+00   1.0873135e+01   1.3877444e+01   1.6088783e+01
