         0   56.0000
    1.0000   54.7100
    2.0000   52.5100
    3.0000   55.3300
    4.0000   55.5500
    5.0000   49.1700
    6.0000   48.1700
    7.0000   57.0300
    8.0000   58.1000
    9.0000   54.6800
   10.0000   58.1800
   11.0000   61.8000
   12.0000   62.2400
   13.0000   64.5400
   14.0000   62.0500
   15.0000   60.2400
   16.0000   62.9600
   17.0000   57.0600
   18.0000   57.3100
   19.0000   63.6800
   20.0000   61.7100
   21.0000   59.2800
   22.0000   58.8800
   23.0000   55.5700
   24.0000   53.0600
   25.0000   56.2900
   26.0000   43.6800
   27.0000   53.5800
   28.0000   50.8700
   29.0000   49.3200
   30.0000   47.3800
   31.0000   45.2100
   32.0000   44.8500
   33.0000   52.1100
   34.0000   49.6100
   35.0000   56.3000
   36.0000   55.7500
   37.0000   52.3400
   38.0000   52.0600
   39.0000   44.9000
   40.0000   48.0700
   41.0000   54.5500
   42.0000   49.7100
   43.0000   52.9900
   44.0000   56.5200
   45.0000   56.8000
   46.0000   48.1700
   47.0000   53.6000
   48.0000   57.8600
   49.0000   55.2300
   50.0000   56.2700
   51.0000   47.6400
   52.0000   46.7400
   53.0000   42.8100
   54.0000   43.9600
   55.0000   38.3800
   56.0000   32.2400
   57.0000   29.7300
   58.0000   30.2700
   59.0000   32.6100
   60.0000   31.5800
   61.0000   32.6500
   62.0000   34.7800
   63.0000   31.5300
   64.0000   28.4500
   65.0000   27.5900
   66.0000   31.6900
   67.0000   31.5500
   68.0000   27.8700
   69.0000   25.3600
   70.0000   28.1200
   71.0000   32.4200
   72.0000   32.0000
   73.0000   32.3000
   74.0000   32.4600
   75.0000   31.3500
   76.0000   30.1400
   77.0000   27.4900
   78.0000   30.3400
   79.0000   30.8200
   80.0000   28.6100
   81.0000   27.3400
   82.0000   27.9400
   83.0000   29.8000
   84.0000   25.6400
   85.0000   22.9900
   86.0000   22.5000
   87.0000   27.6700
   88.0000   27.8800
   89.0000   27.2600
   90.0000   27.8300
   91.0000   27.4700
   92.0000   27.4100
   93.0000   24.9000
   94.0000   23.1300
   95.0000   23.8400
   96.0000   21.6900
   97.0000   19.8200
   98.0000   23.0100
   99.0000   16.3900
  100.0000   19.1900
  101.0000   18.3400
  102.0000   18.5500
  103.0000   22.3200
  104.0000   23.9900
  105.0000   22.0200
  106.0000   25.6700
  107.0000   25.0500
  108.0000   21.6400
  109.0000   22.9500
  110.0000   21.0300
  111.0000   22.4300
  112.0000   19.9000
  113.0000   19.7800
  114.0000   16.7300
  115.0000   21.9400
  116.0000   23.9100
  117.0000   23.3000
  118.0000   16.3300
  119.0000   19.6800
  120.0000   17.0700
  121.0000   19.4700
  122.0000   16.4500
  123.0000   12.0400
  124.0000   14.0900
  125.0000   13.6400
  126.0000   12.4600
  127.0000   15.2200
  128.0000   17.1500
  129.0000   12.3100
  130.0000   15.2900
  131.0000   16.3800
  132.0000   17.4300
  133.0000   18.1200
  134.0000   18.3400
  135.0000   19.8000
  136.0000   14.8600
  137.0000   20.3400
  138.0000   18.0400
  139.0000   20.2400
  140.0000   22.0700
  141.0000   15.7300
  142.0000   19.4700
  143.0000   16.8400
  144.0000   16.5300
  145.0000   17.5900
  146.0000   21.3500
  147.0000   12.9700
  148.0000   13.1300
  149.0000   14.6400
  150.0000   11.9900
  151.0000   11.2900
  152.0000   14.9200
  153.0000   15.3800
  154.0000   19.2000
  155.0000   16.2100
  156.0000   18.3600
  157.0000   18.5600
  158.0000   14.5800
  159.0000   16.7000
  160.0000   15.9900
  161.0000   13.7800
  162.0000   15.3400
  163.0000   14.8700
  164.0000   16.7500
  165.0000   13.9900
  166.0000   18.6900
  167.0000   16.0700
  168.0000   14.5300
  169.0000   11.4000
  170.0000   13.0000
  171.0000   14.4400
  172.0000   14.9700
  173.0000   17.1900
  174.0000   12.4200
  175.0000   14.6600
  176.0000   14.3200
  177.0000   16.3300
  178.0000   15.4400
  179.0000   22.6400
  180.0000   22.2200
  181.0000   22.7500
  182.0000   22.6000
  183.0000   24.2500
  184.0000   22.8400
  185.0000   21.5500
  186.0000   20.2300
  187.0000   21.3700
  188.0000   24.7800
  189.0000   23.4600
  190.0000   23.4600
  191.0000   20.9900
  192.0000   18.0900
  193.0000   18.4500
  194.0000   27.7300
  195.0000   25.6100
  196.0000   25.4900
  197.0000   26.3000
  198.0000   26.8000
  199.0000   25.3600
  200.0000   26.3900
  201.0000   26.5800
  202.0000   28.1500
  203.0000   24.4500
  204.0000   23.9900
  205.0000   20.4500
  206.0000   17.4100
  207.0000   20.1400
  208.0000   23.2700
  209.0000   25.7000
  210.0000   24.2800
  211.0000   23.6500
  212.0000   25.0200
  213.0000   22.3200
  214.0000   23.4000
  215.0000   25.5200
  216.0000   23.1400
  217.0000   24.8900
  218.0000   25.6600
  219.0000   29.2600
  220.0000   30.0200
  221.0000   28.0200
  222.0000   29.2500
  223.0000   32.1400
  224.0000   29.2700
  225.0000   27.6800
  226.0000   31.2700
  227.0000   37.0900
  228.0000   32.3300
  229.0000   38.6400
  230.0000   38.2000
  231.0000   39.6600
  232.0000   43.2900
  233.0000   39.4600
  234.0000   41.3500
  235.0000   48.5200
  236.0000   49.7500
  237.0000   52.3100
  238.0000   51.2200
  239.0000   54.1100
  240.0000   49.2900
  241.0000   43.3100
  242.0000   33.0600
  243.0000   28.0800
  244.0000   28.7500
  245.0000   27.2800
  246.0000   27.6200
  247.0000   30.3100
  248.0000   30.8100
  249.0000   35.1800
  250.0000   37.9100
  251.0000   37.5600
  252.0000   36.6200
  253.0000   37.0500
  254.0000   33.4900
  255.0000   35.3500
  256.0000   39.0100
  257.0000   50.9900
  258.0000   53.2700
  259.0000   49.9300
  260.0000   43.8600
  261.0000   43.2400
  262.0000   34.8300
  263.0000   38.6700
  264.0000   36.8700
  265.0000   35.6400
  266.0000   47.3800
  267.0000   48.4400
  268.0000   41.7800
  269.0000   36.8900
  270.0000   38.9200
  271.0000   51.9800
  272.0000   52.5900
  273.0000   46.0400
