0 195.0
1 195.0
2 195.0
3 195.0
4 195.0
5 195.0
6 194.8
7 193.8
8 194.6
9 194.8
10 194.6
11 194.8
12 193.8
13 193.6
14 194.6
15 194.6
16 193.1
17 192.7
18 192.2
19 195.0
20 193.6
21 193.2
22 194.2
23 193.1
24 192.5
25 189.2
26 181.2
27 175.2
28 181.2
29 170.3
30 168.5
31 173.2
32 175.6
33 171.9
34 172.1
35 163.5
36 159.1
37 150.8
38 147.5
39 156.5
40 146.3
41 150.7
42 147.4
43 142.3
44 143.0
45 149.5
46 152.0
47 142.0
48 156.0
49 135.3
50 137.1
51 133.3
52 128.0
53 130.9
54 148.3
55 149.1
56 127.5
57 90.7
58 79.0
59 80.8
60 74.8
61 77.2
62 79.0
63 72.8
64 70.5
65 62.3
66 69.1
67 62.1
68 57.3
69 57.9
70 60.8
71 53.4
72 53.5
73 48.8
74 48.1
75 47.6
76 45.4
77 47.3
78 49.8
79 50.2
80 46.4
81 44.9
82 47.1
83 50.8
84 46.0
85 48.8
86 47.5
87 47.3
88 48.8
89 52.1
90 57.5
91 53.1
92 59.6
93 64.9
94 63.2
95 57.8
96 61.6
97 62.1
98 76.9
99 78.7
100 88.8
101 112.6
102 117.1
103 118.7
104 94.8
105 103.6
106 106.7
107 97.9
108 105.4
109 110.5
110 98.7
111 115.4
112 128.8
113 148.4
114 166.3
115 128.8
116 116.6
117 120.2
118 127.7
119 122.3
120 133.0
121 125.8
122 163.7
123 166.4
124 169.7
125 173.3
126 183.0
127 146.4
128 178.2
129 162.4
130 157.6
131 154.1
132 152.0
133 155.5
134 150.9
135 148.8
136 153.9
137 158.3
138 161.6
139 157.9
140 179.6
141 162.5
142 157.2
143 176.9
144 174.2
145 155.3
146 180.0
147 180.0
148 183.9
149 184.5
150 185.6
151 186.1
152 185.7
153 185.9
154 194.0
155 188.4
156 193.6
157 192.9
158 191.9
159 189.1
160 191.8
161 193.4
162 192.3
163 193.6
164 195.0
165 194.4
166 192.9
167 195.0
168 194.6
169 193.4
170 194.4
171 193.6
172 194.2
173 195.0
174 195.0
175 194.6
176 194.6
177 194.6
178 194.0
179 194.8
180 195.0
181 195.0
182 194.6
183 194.4
184 195.0
185 195.0
186 195.0
187 194.4
188 195.0
189 195.0
190 194.8
191 195.0
192 194.3
193 195.0
194 195.0
195 194.8
196 195.0
197 195.0
198 194.3
199 194.8
200 195.0
201 194.3
202 195.0
203 193.1
204 195.0
