0 195.0
1 195.0
2 195.0
3 195.0
4 195.0
5 195.0
6 192.9
7 188.0
8 190.7
9 192.9
10 192.7
11 192.9
12 186.0
13 186.0
14 192.7
15 190.7
16 183.3
17 183.1
18 178.8
19 195.0
20 180.2
21 183.5
22 192.3
23 179.4
24 179.0
25 167.9
26 143.7
27 127.3
28 140.4
29 121.8
30 127.8
31 126.9
32 128.6
33 128.2
34 125.5
35 127.0
36 114.5
37 119.5
38 110.2
39 118.4
40 110.9
41 113.0
42 105.5
43 108.4
44 110.8
45 109.3
46 122.5
47 114.4
48 120.9
49 106.9
50 110.2
51 108.8
52 101.5
53 96.2
54 109.7
55 111.5
56 95.3
57 71.2
58 67.3
59 66.2
60 62.5
61 69.8
62 70.1
63 55.2
64 54.2
65 47.2
66 47.1
67 37.6
68 37.9
69 41.0
70 43.5
71 41.5
72 40.4
73 40.6
74 38.7
75 38.2
76 34.3
77 33.0
78 39.3
79 37.6
80 35.5
81 33.7
82 37.4
83 42.8
84 34.8
85 37.5
86 35.2
87 36.3
88 36.9
89 40.0
90 42.8
91 42.7
92 40.8
93 48.2
94 48.6
95 45.3
96 46.7
97 44.2
98 65.3
99 71.9
100 76.8
101 86.3
102 93.6
103 105.2
104 72.7
105 86.5
106 80.6
107 74.0
108 79.6
109 87.4
110 71.9
111 90.7
112 103.2
113 113.6
114 134.9
115 106.0
116 93.6
117 100.1
118 103.7
119 101.5
120 101.0
121 94.8
122 126.8
123 137.8
124 139.4
125 133.1
126 159.2
127 111.0
128 162.4
129 126.2
130 132.1
131 113.4
132 119.1
133 134.5
134 116.1
135 117.3
136 111.9
137 125.6
138 130.7
139 126.6
140 138.6
141 119.8
142 121.0
143 147.9
144 137.7
145 120.8
146 142.9
147 148.6
148 150.5
149 160.4
150 170.4
151 155.9
152 160.9
153 159.8
154 186.2
155 165.8
156 187.7
157 185.1
158 182.5
159 174.5
160 182.8
161 183.9
162 181.0
163 185.8
164 195.0
165 188.6
166 187.2
167 195.0
168 190.7
169 183.8
170 188.6
171 183.9
172 186.4
173 195.0
174 195.0
175 190.7
176 190.7
177 192.7
178 190.1
179 192.9
180 195.0
181 195.0
182 190.7
183 190.5
184 195.0
185 195.0
186 195.0
187 190.7
188 195.0
189 195.0
190 192.9
191 195.0
192 192.4
193 195.0
194 195.0
195 192.9
196 195.0
197 195.0
198 192.4
199 192.9
200 195.0
201 192.4
202 195.0
203 187.2
204 195.0
