         0   51.1000
    1.0000   51.4000
    2.0000   51.5300
    3.0000   52.4500
    4.0000   56.0500
    5.0000   50.0100
    6.0000   48.2900
    7.0000   56.5600
    8.0000   56.2000
    9.0000   53.5800
   10.0000   55.0800
   11.0000   57.9000
   12.0000   58.9900
   13.0000   60.1400
   14.0000   58.9300
   15.0000   56.2100
   16.0000   58.4500
   17.0000   55.2500
   18.0000   55.4800
   19.0000   59.4400
   20.0000   57.3600
   21.0000   56.1000
   22.0000   56.4300
   23.0000   54.8900
   24.0000   51.8400
   25.0000   51.0000
   26.0000   41.0700
   27.0000   51.3300
   28.0000   48.4600
   29.0000   46.5600
   30.0000   46.4900
   31.0000   43.1800
   32.0000   40.6800
   33.0000   48.9100
   34.0000   48.9300
   35.0000   55.4000
   36.0000   53.3400
   37.0000   52.0100
   38.0000   49.1100
   39.0000   42.6400
   40.0000   48.1600
   41.0000   50.7700
   42.0000   46.5400
   43.0000   50.0500
   44.0000   52.6500
   45.0000   54.7500
   46.0000   48.3000
   47.0000   51.9600
   48.0000   54.5500
   49.0000   53.3300
   50.0000   51.5800
   51.0000   41.0100
   52.0000   40.6600
   53.0000   39.3000
   54.0000   38.2100
   55.0000   31.2000
   56.0000   26.1500
   57.0000   20.5400
   58.0000   19.9100
   59.0000   20.9400
   60.0000   23.5200
   61.0000   27.4100
   62.0000   28.4900
   63.0000   24.9800
   64.0000   20.4500
   65.0000   18.9100
   66.0000   19.2800
   67.0000   19.9000
   68.0000   19.8400
   69.0000   16.0900
   70.0000   20.1200
   71.0000   23.4300
   72.0000   24.9400
   73.0000   21.9900
   74.0000   19.3600
   75.0000   20.2400
   76.0000   19.0600
   77.0000   19.3000
   78.0000   19.4000
   79.0000   20.8900
   80.0000   16.1400
   81.0000   16.4200
   82.0000   20.1300
   83.0000   22.8100
   84.0000   15.1000
   85.0000   16.4200
   86.0000   15.5000
   87.0000   17.9900
   88.0000   17.4300
   89.0000   14.7200
   90.0000   16.0100
   91.0000   16.0000
   92.0000   17.3200
   93.0000   16.1900
   94.0000   17.4400
   95.0000   18.1600
   96.0000   18.9800
   97.0000   14.5900
   98.0000   17.5100
   99.0000   13.9000
  100.0000   16.7700
  101.0000   15.0900
  102.0000   15.6500
  103.0000   18.8500
  104.0000   19.3400
  105.0000   16.2500
  106.0000   16.2300
  107.0000   17.6000
  108.0000   18.6400
  109.0000   17.4400
  110.0000   16.8100
  111.0000   15.6500
  112.0000   14.0500
  113.0000   16.8400
  114.0000   12.6000
  115.0000   16.2500
  116.0000   16.4800
  117.0000   14.1300
  118.0000   11.2200
  119.0000   15.6100
  120.0000   15.7900
  121.0000   16.9400
  122.0000   14.1400
  123.0000    7.7400
  124.0000   10.7100
  125.0000    9.1700
  126.0000    8.1200
  127.0000   10.5700
  128.0000   11.4200
  129.0000    7.0500
  130.0000   11.3800
  131.0000   12.8600
  132.0000   14.6900
  133.0000   15.7400
  134.0000   14.2400
  135.0000   14.9600
  136.0000   10.8700
  137.0000   14.7400
  138.0000   13.6700
  139.0000   17.2100
  140.0000   16.1900
  141.0000   11.9500
  142.0000   15.8600
  143.0000   11.9100
  144.0000   12.4200
  145.0000   11.8100
  146.0000   14.7800
  147.0000    7.6500
  148.0000    9.2300
  149.0000   11.8900
  150.0000   10.1700
  151.0000    8.7100
  152.0000   10.6800
  153.0000   10.0900
  154.0000   14.9100
  155.0000   11.8800
  156.0000   12.5100
  157.0000   15.7400
  158.0000   12.0800
  159.0000   14.9400
  160.0000   12.6300
  161.0000   10.9400
  162.0000   13.1400
  163.0000   11.5300
  164.0000   14.6300
  165.0000    9.1900
  166.0000   14.6000
  167.0000   14.5800
  168.0000   11.3400
  169.0000    7.5800
  170.0000    8.1700
  171.0000    9.3600
  172.0000    9.9800
  173.0000   13.3900
  174.0000    8.1400
  175.0000   10.4000
  176.0000   12.3600
  177.0000   13.2900
  178.0000   12.6500
  179.0000   20.8100
  180.0000   16.7200
  181.0000   14.2000
  182.0000   15.5200
  183.0000   18.1200
  184.0000   16.5500
  185.0000   15.0800
  186.0000   14.3400
  187.0000   15.7400
  188.0000   16.9800
  189.0000   16.2000
  190.0000   18.5100
  191.0000   17.5600
  192.0000   12.5800
  193.0000   11.1400
  194.0000   16.6900
  195.0000   17.4700
  196.0000   18.7100
  197.0000   17.7200
  198.0000   16.1700
  199.0000   16.9800
  200.0000   17.4000
  201.0000   16.3200
  202.0000   13.8000
  203.0000   15.3300
  204.0000   19.6200
  205.0000   19.1700
  206.0000   14.8300
  207.0000   16.2100
  208.0000   16.3000
  209.0000   17.5400
  210.0000   17.4800
  211.0000   15.1200
  212.0000   17.6400
  213.0000   18.7000
  214.0000   15.8800
  215.0000   15.0700
  216.0000   17.7000
  217.0000   19.1300
  218.0000   18.7200
  219.0000   18.1400
  220.0000   18.7400
  221.0000   16.2400
  222.0000   19.1600
  223.0000   27.5100
  224.0000   19.8900
  225.0000   21.0300
  226.0000   23.6400
  227.0000   31.5400
  228.0000   23.1200
  229.0000   29.8600
  230.0000   32.9000
  231.0000   33.0000
  232.0000   35.6900
  233.0000   32.4200
  234.0000   33.9100
  235.0000   45.1700
  236.0000   46.7000
  237.0000   46.4300
  238.0000   44.4700
  239.0000   52.9500
  240.0000   50.9600
  241.0000   39.4100
  242.0000   23.4600
  243.0000   18.7400
  244.0000   16.8700
  245.0000   16.8200
  246.0000   18.2600
  247.0000   18.2700
  248.0000   21.1600
  249.0000   26.2100
  250.0000   31.8700
  251.0000   34.6400
  252.0000   30.6900
  253.0000   35.3900
  254.0000   32.3500
  255.0000   30.5800
  256.0000   34.3900
  257.0000   47.1100
  258.0000   48.4600
  259.0000   46.5800
  260.0000   36.3700
  261.0000   39.3600
  262.0000   33.6000
  263.0000   36.1800
  264.0000   31.8900
  265.0000   33.4300
  266.0000   43.4900
  267.0000   50.6600
  268.0000   42.8900
  269.0000   30.5000
  270.0000   32.9800
  271.0000   51.2200
  272.0000   50.1800
  273.0000   45.7400
