         0   31.1000
    1.0000   33.2900
    2.0000   37.8300
    3.0000   40.7900
    4.0000   51.4300
    5.0000   47.1400
    6.0000   38.6500
    7.0000   50.2000
    8.0000   46.4200
    9.0000   40.3000
   10.0000   48.4000
   11.0000   51.4600
   12.0000   50.0000
   13.0000   52.7100
   14.0000   50.5500
   15.0000   48.1600
   16.0000   53.1400
   17.0000   50.9300
   18.0000   48.1700
   19.0000   52.9700
   20.0000   52.0000
   21.0000   50.6200
   22.0000   51.5200
   23.0000   49.7000
   24.0000   50.7200
   25.0000   44.7900
   26.0000   31.9700
   27.0000   45.4400
   28.0000   38.2500
   29.0000   30.4600
   30.0000   29.0600
   31.0000   32.3900
   32.0000   34.7400
   33.0000   38.5800
   34.0000   39.8500
   35.0000   40.3500
   36.0000   40.6700
   37.0000   40.5100
   38.0000   38.6500
   39.0000   36.0900
   40.0000   39.1600
   41.0000   37.6200
   42.0000   35.8600
   43.0000   40.0900
   44.0000   38.9500
   45.0000   40.0100
   46.0000   39.0300
   47.0000   40.3800
   48.0000   40.1300
   49.0000   43.2600
   50.0000   44.4000
   51.0000   32.3500
   52.0000   35.2200
   53.0000   32.8300
   54.0000   32.9200
   55.0000   24.5300
   56.0000   20.9900
   57.0000   14.4100
   58.0000   15.9800
   59.0000   18.9800
   60.0000   20.0100
   61.0000   20.3400
   62.0000   21.3300
   63.0000   19.2900
   64.0000   14.6200
   65.0000   12.6900
   66.0000   16.4200
   67.0000   17.1700
   68.0000   15.1500
   69.0000   16.1600
   70.0000   16.9500
   71.0000   16.6100
   72.0000   20.5600
   73.0000   20.1800
   74.0000   15.9100
   75.0000   16.3700
   76.0000   16.5400
   77.0000   16.9800
   78.0000   15.6800
   79.0000   15.3100
   80.0000   17.4800
   81.0000   12.3500
   82.0000   15.6000
   83.0000   18.3200
   84.0000   15.3900
   85.0000   12.1700
   86.0000   12.6500
   87.0000   17.6500
   88.0000   18.3400
   89.0000   18.1300
   90.0000   18.5500
   91.0000   15.9800
   92.0000   14.6500
   93.0000   11.7500
   94.0000   11.9900
   95.0000   15.2700
   96.0000   13.3500
   97.0000   10.1600
   98.0000   14.3500
   99.0000   10.3900
  100.0000   12.5300
  101.0000   10.2300
  102.0000   10.6200
  103.0000   13.3000
  104.0000   13.8800
  105.0000   13.7200
  106.0000   13.8200
  107.0000   13.3700
  108.0000   13.5100
  109.0000   13.3700
  110.0000   12.5600
  111.0000   13.1400
  112.0000   11.7700
  113.0000   12.5400
  114.0000   10.8000
  115.0000   13.3900
  116.0000   12.9900
  117.0000   11.7000
  118.0000    9.5200
  119.0000   12.0300
  120.0000   11.0900
  121.0000   12.0900
  122.0000   11.1000
  123.0000    8.3900
  124.0000    8.5400
  125.0000    8.4600
  126.0000    9.2900
  127.0000   11.2900
  128.0000   10.4600
  129.0000    7.3900
  130.0000   10.1500
  131.0000   11.3200
  132.0000   12.0500
  133.0000   12.5300
  134.0000   11.9800
  135.0000   12.0900
  136.0000    9.2700
  137.0000   12.0300
  138.0000   12.3100
  139.0000   13.1600
  140.0000   12.5000
  141.0000   10.4100
  142.0000   12.8000
  143.0000   10.8200
  144.0000   11.1900
  145.0000   12.1200
  146.0000   11.7300
  147.0000    7.2000
  148.0000    8.6200
  149.0000   10.1500
  150.0000    9.0500
  151.0000    8.5300
  152.0000   10.5000
  153.0000    9.3600
  154.0000   11.6600
  155.0000   11.1400
  156.0000   10.6500
  157.0000   12.5000
  158.0000   11.6400
  159.0000   12.1500
  160.0000   10.1000
  161.0000    9.4600
  162.0000    9.5400
  163.0000    9.9400
  164.0000    9.9400
  165.0000    8.1100
  166.0000   10.9100
  167.0000   11.3100
  168.0000    9.6900
  169.0000    6.5500
  170.0000    7.5300
  171.0000    9.1800
  172.0000   10.1100
  173.0000   10.3400
  174.0000    8.6100
  175.0000    9.5600
  176.0000    9.9900
  177.0000   11.4300
  178.0000   10.7200
  179.0000   13.8000
  180.0000   13.8000
  181.0000   13.2900
  182.0000   12.5200
  183.0000   13.5900
  184.0000   13.3200
  185.0000   12.4700
  186.0000   13.0700
  187.0000   13.3300
  188.0000   14.1300
  189.0000   13.6900
  190.0000   12.9500
  191.0000   13.5800
  192.0000   11.3100
  193.0000    9.9800
  194.0000   13.8100
  195.0000   13.6600
  196.0000   13.8900
  197.0000   14.0400
  198.0000   13.9300
  199.0000   14.0000
  200.0000   13.8800
  201.0000   13.6900
  202.0000   13.4500
  203.0000   12.6100
  204.0000   12.2900
  205.0000    9.4400
  206.0000    9.0900
  207.0000   13.3500
  208.0000   13.3000
  209.0000   14.0000
  210.0000   13.7600
  211.0000   13.4400
  212.0000   14.0000
  213.0000   13.6400
  214.0000   12.8600
  215.0000   13.1200
  216.0000   13.1600
  217.0000   11.9700
  218.0000   11.2800
  219.0000   14.3600
  220.0000   17.2700
  221.0000   16.6900
  222.0000   16.1900
  223.0000   18.0400
  224.0000   18.6900
  225.0000   17.6100
  226.0000   16.4600
  227.0000   20.7100
  228.0000   20.3800
  229.0000   20.3100
  230.0000   21.6700
  231.0000   24.9000
  232.0000   26.6500
  233.0000   23.2100
  234.0000   22.9700
  235.0000   27.8000
  236.0000   30.3800
  237.0000   37.6000
  238.0000   40.4600
  239.0000   40.6000
  240.0000   39.1000
  241.0000   32.6900
  242.0000   22.1500
  243.0000   14.0900
  244.0000   14.8900
  245.0000   13.0300
  246.0000   14.7800
  247.0000   17.9200
  248.0000   17.8700
  249.0000   22.3900
  250.0000   24.5300
  251.0000   25.3000
  252.0000   22.3200
  253.0000   25.4800
  254.0000   22.7900
  255.0000   22.6200
  256.0000   22.4400
  257.0000   27.9600
  258.0000   27.9500
  259.0000   26.6400
  260.0000   27.1600
  261.0000   31.2900
  262.0000   26.0200
  263.0000   25.4600
  264.0000   22.3900
  265.0000   22.3200
  266.0000   28.2000
  267.0000   28.2900
  268.0000   26.7900
  269.0000   21.1200
  270.0000   20.5900
  271.0000   28.2600
  272.0000   27.6100
  273.0000   27.5500
