         0   36.6000
    1.0000   40.2300
    2.0000   48.4300
    3.0000   50.5900
    4.0000   56.3200
    5.0000   51.8900
    6.0000   49.5800
    7.0000   57.9500
    8.0000   55.1300
    9.0000   51.0000
   10.0000   52.8900
   11.0000   57.6900
   12.0000   60.5200
   13.0000   63.9200
   14.0000   58.7900
   15.0000   54.9500
   16.0000   58.3100
   17.0000   52.5800
   18.0000   53.1000
   19.0000   61.9200
   20.0000   61.4000
   21.0000   57.0000
   22.0000   55.8000
   23.0000   55.1100
   24.0000   52.2300
   25.0000   53.8300
   26.0000   42.7200
   27.0000   51.4700
   28.0000   45.7600
   29.0000   47.2400
   30.0000   47.5500
   31.0000   45.2700
   32.0000   41.6100
   33.0000   49.7000
   34.0000   49.1100
   35.0000   55.8100
   36.0000   54.7000
   37.0000   52.9900
   38.0000   50.5400
   39.0000   43.4200
   40.0000   47.3200
   41.0000   50.4900
   42.0000   46.8800
   43.0000   49.8200
   44.0000   52.9600
   45.0000   54.2200
   46.0000   46.3300
   47.0000   49.1900
   48.0000   51.9100
   49.0000   55.5200
   50.0000   54.0900
   51.0000   45.3200
   52.0000   42.7800
   53.0000   37.2800
   54.0000   39.2000
   55.0000   35.6700
   56.0000   29.1400
   57.0000   25.0500
   58.0000   25.0200
   59.0000   26.8900
   60.0000   27.5000
   61.0000   32.6900
   62.0000   33.2000
   63.0000   27.7400
   64.0000   24.3800
   65.0000   23.7600
   66.0000   24.3600
   67.0000   24.2800
   68.0000   24.7700
   69.0000   23.6600
   70.0000   25.8500
   71.0000   29.1500
   72.0000   28.6300
   73.0000   27.3500
   74.0000   28.3200
   75.0000   26.8900
   76.0000   26.8700
   77.0000   25.0600
   78.0000   25.6600
   79.0000   25.4900
   80.0000   25.4700
   81.0000   23.4200
   82.0000   24.3600
   83.0000   25.2400
   84.0000   23.5800
   85.0000   21.2000
   86.0000   17.2300
   87.0000   20.8400
   88.0000   24.0500
   89.0000   23.7300
   90.0000   23.7700
   91.0000   23.9700
   92.0000   24.3300
   93.0000   23.0700
   94.0000   21.7200
   95.0000   22.3300
   96.0000   19.9800
   97.0000   16.1500
   98.0000   20.9300
   99.0000   14.5600
  100.0000   16.8400
  101.0000   15.0000
  102.0000   14.8100
  103.0000   18.0700
  104.0000   21.1600
  105.0000   18.3900
  106.0000   22.6000
  107.0000   23.5100
  108.0000   20.3600
  109.0000   21.4700
  110.0000   18.5500
  111.0000   20.5600
  112.0000   18.3500
  113.0000   17.3900
  114.0000   14.2300
  115.0000   17.2600
  116.0000   17.3500
  117.0000   18.4000
  118.0000   15.4200
  119.0000   18.3100
  120.0000   15.3200
  121.0000   16.8500
  122.0000   14.5800
  123.0000   10.7000
  124.0000   12.1900
  125.0000   12.0700
  126.0000   11.6900
  127.0000   13.7700
  128.0000   14.8800
  129.0000   11.8200
  130.0000   13.2000
  131.0000   13.5200
  132.0000   16.5000
  133.0000   16.3400
  134.0000   13.8400
  135.0000   14.8800
  136.0000   12.3900
  137.0000   16.3300
  138.0000   17.9600
  139.0000   18.7700
  140.0000   20.0600
  141.0000   13.8100
  142.0000   17.6000
  143.0000   14.7800
  144.0000   12.9200
  145.0000   15.3800
  146.0000   19.1300
  147.0000   11.8700
  148.0000   11.7900
  149.0000   13.0700
  150.0000   11.3100
  151.0000   10.4400
  152.0000   13.0800
  153.0000   12.6900
  154.0000   15.3100
  155.0000   13.7400
  156.0000   12.5900
  157.0000   12.7500
  158.0000   11.9900
  159.0000   14.4800
  160.0000   14.0300
  161.0000   12.8100
  162.0000   13.7100
  163.0000   12.1500
  164.0000   12.7600
  165.0000   11.4500
  166.0000   14.2400
  167.0000   13.4900
  168.0000   12.7100
  169.0000   10.7900
  170.0000   12.1800
  171.0000   12.7900
  172.0000   12.5900
  173.0000   13.9700
  174.0000   12.0400
  175.0000   12.3600
  176.0000   12.7900
  177.0000   13.8400
  178.0000   13.9600
  179.0000   21.1300
  180.0000   21.3800
  181.0000   20.9600
  182.0000   19.7200
  183.0000   21.6400
  184.0000   21.3900
  185.0000   19.0500
  186.0000   18.0000
  187.0000   19.6500
  188.0000   23.1100
  189.0000   21.9300
  190.0000   20.7000
  191.0000   18.4600
  192.0000   15.1500
  193.0000   15.7200
  194.0000   24.2500
  195.0000   23.6300
  196.0000   23.0900
  197.0000   23.3000
  198.0000   23.2100
  199.0000   22.8800
  200.0000   22.9300
  201.0000   24.4800
  202.0000   25.5200
  203.0000   23.7000
  204.0000   22.3800
  205.0000   17.8300
  206.0000   15.1500
  207.0000   17.7400
  208.0000   20.9000
  209.0000   23.3700
  210.0000   22.1800
  211.0000   21.7100
  212.0000   22.4200
  213.0000   20.5500
  214.0000   19.4900
  215.0000   20.8000
  216.0000   21.0000
  217.0000   23.0100
  218.0000   23.2800
  219.0000   23.8000
  220.0000   23.6000
  221.0000   25.4700
  222.0000   24.8000
  223.0000   27.0400
  224.0000   25.2400
  225.0000   26.6400
  226.0000   27.2100
  227.0000   33.1500
  228.0000   30.2700
  229.0000   35.1700
  230.0000   32.8300
  231.0000   33.4400
  232.0000   39.2700
  233.0000   37.2100
  234.0000   38.2200
  235.0000   47.6600
  236.0000   48.4300
  237.0000   49.2100
  238.0000   48.9800
  239.0000   52.1100
  240.0000   50.8500
  241.0000   42.9100
  242.0000   29.1100
  243.0000   26.5600
  244.0000   25.5200
  245.0000   23.2300
  246.0000   21.7600
  247.0000   25.1800
  248.0000   25.9700
  249.0000   27.6600
  250.0000   33.7300
  251.0000   33.9900
  252.0000   33.9400
  253.0000   35.8500
  254.0000   34.0400
  255.0000   33.6000
  256.0000   36.5300
  257.0000   46.3500
  258.0000   49.9200
  259.0000   47.6900
  260.0000   41.1300
  261.0000   40.4800
  262.0000   34.0200
  263.0000   33.7600
  264.0000   33.4000
  265.0000   36.8800
  266.0000   43.1300
  267.0000   49.1200
  268.0000   43.5100
  269.0000   33.3000
  270.0000   34.5500
  271.0000   53.6200
  272.0000   48.0700
  273.0000   41.2900
