  -2.8000000e+01   3.3106073e+01   2.4551662e+01   1.5726575e+01   1.1500877e+01
  -2.6000000e+01   3.6340591e+01   2.7142803e+01   1.8789795e+01   1.3933484e+01
  -2.4000000e+01   3.6877289e+01   3.0516934e+01   2.0376385e+01   1.4709858e+01
  -2.2000000e+01   3.6882076e+01   3.2380587e+01   2.1277908e+01   1.4785963e+01
  -2.0000000e+01   3.6861084e+01   3.2344926e+01   2.1706240e+01   1.4471036e+01
  -1.8000000e+01   3.5689343e+01   3.1748337e+01   2.1051011e+01   1.4132856e+01
  -1.6000000e+01   3.3586496e+01   3.1821708e+01   1.9462551e+01   1.4144567e+01
  -1.4000000e+01   3.0243404e+01   3.1820361e+01   1.6481281e+01   1.4159254e+01
  -1.2000000e+01   2.6107990e+01   3.1229425e+01   1.1123245e+01   1.3919315e+01
  -1.0000000e+01   2.0078774e+01   2.9475308e+01   7.8897100e+00   1.3551866e+01
  -8.0000000e+00   1.4590811e+01   2.6908806e+01   1.0989535e+01   1.3308861e+01
  -6.0000000e+00   2.4475030e+01   2.4170340e+01   1.2075367e+01   1.3404174e+01
  -4.0000000e+00   2.8503370e+01   2.1944159e+01   1.1499867e+01   1.3490980e+01
  -2.0000000e+00   2.8971642e+01   2.0718373e+01   1.2128069e+01   1.3412561e+01
  -1.0000000e+00   2.9806759e+01   1.9862716e+01   1.3346956e+01   1.3321624e+01
   1.0000000e+00   2.9405126e+01   1.7889581e+01   1.5732748e+01   1.3825077e+01
   3.0000000e+00   2.8114957e+01   1.5854403e+01   1.7374549e+01   1.4246678e+01
   5.0000000e+00   2.8547360e+01   1.6424620e+01   1.7836353e+01   1.4889441e+01
   7.0000000e+00   2.8318029e+01   1.6796035e+01   1.7219891e+01   1.5458161e+01
   9.0000000e+00   2.8545986e+01   1.8251702e+01   1.6811370e+01   1.5434491e+01
   1.1000000e+01   2.7240505e+01   2.1786481e+01   1.6835091e+01   1.5658058e+01
   1.3000000e+01   2.3904342e+01   2.4861065e+01   1.5727428e+01   1.5799856e+01
   1.5000000e+01   2.4162575e+01   2.6068308e+01   1.4553700e+01   1.6378274e+01
   1.7000000e+01   2.3061805e+01   2.4903874e+01   1.5700349e+01   1.7147740e+01
   1.9000000e+01   2.2548158e+01   2.2318139e+01   1.8556225e+01   1.7355880e+01
   2.1000000e+01   1.9299685e+01   2.2902252e+01   2.0724923e+01   1.7484054e+01
   2.3000000e+01   1.4012037e+01   2.1300290e+01   2.1848826e+01   1.7530048e+01
   2.5000000e+01   1.2175776e+01   1.2687902e+01   2.1822039e+01   1.6785246e+01
   2.7000000e+01   9.0587840e+00   1.2294252e+01   2.0844495e+01   1.5753407e+01
   2.8000000e+01   4.9617860e+00   1.4897025e+01   1.9881412e+01   1.4514287e+01
