  -1.0000000e+00   1.0375910e-01   1.8639728e-01   2.5882614e-01   2.4669011e-01
  -9.0000000e-01   1.0115212e-01   1.8364236e-01   2.5755183e-01   2.4617595e-01
  -8.0000000e-01   9.8563857e-02   1.8088151e-01   2.5626517e-01   2.4565607e-01
  -7.0000000e-01   9.5995292e-02   1.7811530e-01   2.5496610e-01   2.4513041e-01
  -6.0000000e-01   9.3447413e-02   1.7534434e-01   2.5365457e-01   2.4459891e-01
  -5.0000000e-01   9.0921205e-02   1.7256927e-01   2.5233050e-01   2.4406152e-01
  -4.0000000e-01   8.8417655e-02   1.6979072e-01   2.5099385e-01   2.4351816e-01
  -3.0000000e-01   8.5937745e-02   1.6700936e-01   2.4964456e-01   2.4296879e-01
  -2.0000000e-01   8.3482453e-02   1.6422586e-01   2.4828257e-01   2.4241334e-01
  -1.0000000e-01   8.1052751e-02   1.6144092e-01   2.4690784e-01   2.4185176e-01
   0.0000000e+00   7.8649604e-02   1.5865525e-01   2.4552032e-01   2.4128398e-01
   1.0000000e-01   7.6273966e-02   1.5586959e-01   2.4411996e-01   2.4070993e-01
   2.0000000e-01   7.3926782e-02   1.5308467e-01   2.4270671e-01   2.4012957e-01
   3.0000000e-01   7.1608985e-02   1.5030126e-01   2.4128055e-01   2.3954282e-01
   4.0000000e-01   6.9321490e-02   1.4752015e-01   2.3984142e-01   2.3894963e-01
   5.0000000e-01   6.7065198e-02   1.4474212e-01   2.3838931e-01   2.3834992e-01
   6.0000000e-01   6.4840993e-02   1.4196800e-01   2.3692417e-01   2.3774365e-01
   7.0000000e-01   6.2649738e-02   1.3919860e-01   2.3544597e-01   2.3713074e-01
   8.0000000e-01   6.0492272e-02   1.3643478e-01   2.3395470e-01   2.3651114e-01
   9.0000000e-01   5.8369413e-02   1.3367739e-01   2.3245034e-01   2.3588477e-01
   1.0000000e+00   5.6281952e-02   1.3092730e-01   2.3093285e-01   2.3525158e-01
   1.1000000e+00   5.4230653e-02   1.2818539e-01   2.2940224e-01   2.3461149e-01
   1.2000000e+00   5.2216250e-02   1.2545258e-01   2.2785850e-01   2.3396446e-01
   1.3000000e+00   5.0239446e-02   1.2272975e-01   2.2630161e-01   2.3331040e-01
   1.4000000e+00   4.8300910e-02   1.2001785e-01   2.2473157e-01   2.3264926e-01
   1.5000000e+00   4.6401276e-02   1.1731780e-01   2.2314840e-01   2.3198097e-01
   1.6000000e+00   4.4541141e-02   1.1463055e-01   2.2155209e-01   2.3130546e-01
   1.7000000e+00   4.2721062e-02   1.1195704e-01   2.1994267e-01   2.3062267e-01
   1.8000000e+00   4.0941558e-02   1.0929824e-01   2.1832015e-01   2.2993254e-01
   1.9000000e+00   3.9203103e-02   1.0665511e-01   2.1668455e-01   2.2923499e-01
   2.0000000e+00   3.7506128e-02   1.0402864e-01   2.1503590e-01   2.2852997e-01
   2.1000000e+00   3.5851020e-02   1.0141979e-01   2.1337423e-01   2.2781740e-01
   2.2000000e+00   3.4238116e-02   9.8829554e-02   2.1169959e-01   2.2709722e-01
   2.3000000e+00   3.2667708e-02   9.6258915e-02   2.1001202e-01   2.2636937e-01
   2.4000000e+00   3.1140035e-02   9.3708859e-02   2.0831157e-01   2.2563377e-01
   2.5000000e+00   2.9655288e-02   9.1180373e-02   2.0659830e-01   2.2489036e-01
   2.6000000e+00   2.8213604e-02   8.8674444e-02   2.0487227e-01   2.2413908e-01
   2.7000000e+00   2.6815069e-02   8.6192054e-02   2.0313356e-01   2.2337985e-01
   2.8000000e+00   2.5459716e-02   8.3734181e-02   2.0138224e-01   2.2261262e-01
   2.9000000e+00   2.4147521e-02   8.1301799e-02   1.9961840e-01   2.2183732e-01
   3.0000000e+00   2.2878408e-02   7.8895872e-02   1.9784213e-01   2.2105387e-01
   3.1000000e+00   2.1652245e-02   7.6517357e-02   1.9605352e-01   2.2026222e-01
   3.2000000e+00   2.0468846e-02   7.4167200e-02   1.9425269e-01   2.1946230e-01
   3.3000000e+00   1.9327969e-02   7.1846332e-02   1.9243976e-01   2.1865404e-01
   3.4000000e+00   1.8229317e-02   6.9555674e-02   1.9061483e-01   2.1783738e-01
   3.5000000e+00   1.7172542e-02   6.7296128e-02   1.8877805e-01   2.1701225e-01
   3.6000000e+00   1.6157237e-02   6.5068578e-02   1.8692956e-01   2.1617860e-01
   3.7000000e+00   1.5182946e-02   6.2873889e-02   1.8506949e-01   2.1533635e-01
   3.8000000e+00   1.4249161e-02   6.0712905e-02   1.8319802e-01   2.1448544e-01
   3.9000000e+00   1.3355321e-02   5.8586444e-02   1.8131531e-01   2.1362581e-01
   4.0000000e+00   1.2500818e-02   5.6495302e-02   1.7942153e-01   2.1275739e-01
   4.1000000e+00   1.1684995e-02   5.4440244e-02   1.7751687e-01   2.1188013e-01
   4.2000000e+00   1.0907150e-02   5.2422008e-02   1.7560153e-01   2.1099396e-01
   4.3000000e+00   1.0166536e-02   5.0441300e-02   1.7367571e-01   2.1009881e-01
   4.4000000e+00   9.4623655e-03   4.8498792e-02   1.7173962e-01   2.0919464e-01
   4.5000000e+00   8.7938105e-03   4.6595123e-02   1.6979350e-01   2.0828138e-01
   4.6000000e+00   8.1600066e-03   4.4730892e-02   1.6783758e-01   2.0735897e-01
   4.7000000e+00   7.5600548e-03   4.2906663e-02   1.6587211e-01   2.0642736e-01
   4.8000000e+00   6.9930246e-03   4.1122957e-02   1.6389734e-01   2.0548648e-01
   4.9000000e+00   6.4579569e-03   3.9380254e-02   1.6191355e-01   2.0453628e-01
   5.0000000e+00   5.9538671e-03   3.7678988e-02   1.5992101e-01   2.0357670e-01
   5.1000000e+00   5.4797480e-03   3.6019551e-02   1.5792003e-01   2.0260770e-01
   5.2000000e+00   5.0345733e-03   3.4402286e-02   1.5591091e-01   2.0162921e-01
   5.3000000e+00   4.6173004e-03   3.2827489e-02   1.5389396e-01   2.0064119e-01
   5.4000000e+00   4.2268746e-03   3.1295404e-02   1.5186951e-01   1.9964358e-01
   5.5000000e+00   3.8622316e-03   2.9806229e-02   1.4983790e-01   1.9863633e-01
   5.6000000e+00   3.5223015e-03   2.8360105e-02   1.4779950e-01   1.9761941e-01
   5.7000000e+00   3.2060116e-03   2.6957123e-02   1.4575465e-01   1.9659275e-01
   5.8000000e+00   2.9122903e-03   2.5597322e-02   1.4370375e-01   1.9555632e-01
   5.9000000e+00   2.6400700e-03   2.4280684e-02   1.4164719e-01   1.9451007e-01
   6.0000000e+00   2.3882908e-03   2.3007139e-02   1.3958536e-01   1.9345396e-01
   6.1000000e+00   2.1559028e-03   2.1776560e-02   1.3751870e-01   1.9238795e-01
   6.2000000e+00   1.9418701e-03   2.0588766e-02   1.3544762e-01   1.9131200e-01
   6.3000000e+00   1.7451729e-03   1.9443522e-02   1.3337257e-01   1.9022608e-01
   6.4000000e+00   1.5648107e-03   1.8340537e-02   1.3129402e-01   1.8913015e-01
   6.5000000e+00   1.3998048e-03   1.7279466e-02   1.2921242e-01   1.8802418e-01
   6.6000000e+00   1.2492007e-03   1.6259910e-02   1.2712827e-01   1.8690814e-01
   6.7000000e+00   1.1120701e-03   1.5281418e-02   1.2504206e-01   1.8578200e-01
   6.8000000e+00   9.8751338e-04   1.4343485e-02   1.2295430e-01   1.8464574e-01
   6.9000000e+00   8.7466086e-04   1.3445558e-02   1.2086552e-01   1.8349933e-01
   7.0000000e+00   7.7267482e-04   1.2587033e-02   1.1877624e-01   1.8234276e-01
   7.1000000e+00   6.8075063e-04   1.1767258e-02   1.1668702e-01   1.8117601e-01
   7.2000000e+00   5.9811795e-04   1.0985535e-02   1.1459842e-01   1.7999906e-01
   7.3000000e+00   5.2404156e-04   1.0241122e-02   1.1251102e-01   1.7881191e-01
   7.4000000e+00   4.5782207e-04   9.5332351e-03   1.1042539e-01   1.7761454e-01
   7.5000000e+00   3.9879634e-04   8.8610511e-03   1.0834215e-01   1.7640694e-01
   7.6000000e+00   3.4633763e-04   8.2237088e-03   1.0626189e-01   1.7518913e-01
   7.7000000e+00   2.9985568e-04   7.6203127e-03   1.0418524e-01   1.7396109e-01
   7.8000000e+00   2.5879640e-04   7.0499354e-03   1.0211284e-01   1.7272284e-01
   7.9000000e+00   2.2264147e-04   6.5116207e-03   1.0004533e-01   1.7147438e-01
   8.0000000e+00   1.9090777e-04   6.0043864e-03   9.7983366e-02   1.7021572e-01
   8.1000000e+00   1.6314657e-04   5.5272274e-03   9.5927609e-02   1.6894689e-01
   8.2000000e+00   1.3894257e-04   5.0791193e-03   9.3878737e-02   1.6766790e-01
   8.3000000e+00   1.1791289e-04   4.6590211e-03   9.1837432e-02   1.6637878e-01
   8.4000000e+00   9.9705825e-05   4.2658791e-03   8.9804388e-02   1.6507956e-01
   8.5000000e+00   8.3999539e-05   3.8986299e-03   8.7780306e-02   1.6377027e-01
   8.6000000e+00   7.0500702e-05   3.5562038e-03   8.5765893e-02   1.6245095e-01
   8.7000000e+00   5.8943010e-05   3.2375285e-03   8.3761865e-02   1.6112164e-01
   8.8000000e+00   4.9085676e-05   2.9415321e-03   8.1768942e-02   1.5978239e-01
   8.9000000e+00   4.0711886e-05   2.6671464e-03   7.9787851e-02   1.5843326e-01
   9.0000000e+00   3.3627228e-05   2.4133104e-03   7.7819322e-02   1.5707430e-01
   9.1000000e+00   2.7658132e-05   2.1789733e-03   7.5864090e-02   1.5570558e-01
   9.2000000e+00   2.2650304e-05   1.9630974e-03   7.3922893e-02   1.5432717e-01
   9.3000000e+00   1.8467207e-05   1.7646612e-03   7.1996469e-02   1.5293914e-01
   9.4000000e+00   1.4988558e-05   1.5826621e-03   7.0085560e-02   1.5154158e-01
   9.5000000e+00   1.2108893e-05   1.4161191e-03   6.8190904e-02   1.5013456e-01
   9.6000000e+00   9.7361760e-06   1.2640749e-03   6.6313241e-02   1.4871820e-01
   9.7000000e+00   7.7904773e-06   1.1255986e-03   6.4453309e-02   1.4729257e-01
   9.8000000e+00   6.2027262e-06   9.9978747e-04   6.2611840e-02   1.4585780e-01
   9.9000000e+00   4.9135357e-06   8.8576867e-04   6.0789563e-02   1.4441400e-01
   1.0000000e+01   3.8721082e-06   7.8270113e-04   5.8987203e-02   1.4296128e-01
   1.0100000e+01   3.0352217e-06   6.8977676e-04   5.7205474e-02   1.4149977e-01
   1.0200000e+01   2.3662978e-06   6.0622162e-04   5.5445087e-02   1.4002962e-01
   1.0300000e+01   1.8345505e-06   5.3129685e-04   5.3706738e-02   1.3855095e-01
   1.0400000e+01   1.4142141e-06   4.6429936e-04   5.1991117e-02   1.3706392e-01
   1.0500000e+01   1.0838484e-06   4.0456224e-04   5.0298899e-02   1.3556869e-01
   1.0600000e+01   8.2571680e-07   3.5145503e-04   4.8630745e-02   1.3406542e-01
   1.0700000e+01   6.2523432e-07   3.0438368e-04   4.6987303e-02   1.3255429e-01
   1.0800000e+01   4.7048107e-07   2.6279041e-04   4.5369204e-02   1.3103547e-01
   1.0900000e+01   3.5177603e-07   2.2615325e-04   4.3777060e-02   1.2950916e-01
   1.1000000e+01   2.6130680e-07   1.9398547e-04   4.2211464e-02   1.2797556e-01
   1.1100000e+01   1.9281005e-07   1.6583484e-04   4.0672990e-02   1.2643486e-01
   1.1200000e+01   1.4129790e-07   1.4128269e-04   3.9162188e-02   1.2488730e-01
   1.1300000e+01   1.0282527e-07   1.1994282e-04   3.7679585e-02   1.2333309e-01
   1.1400000e+01   7.4293611e-08   1.0146039e-04   3.6225683e-02   1.2177247e-01
   1.1500000e+01   5.3286640e-08   8.5510547e-05   3.4800957e-02   1.2020568e-01
   1.1600000e+01   3.7933815e-08   7.1797093e-05   3.3405855e-02   1.1863298e-01
   1.1700000e+01   2.6797875e-08   6.0051007e-05   3.2040796e-02   1.1705462e-01
   1.1800000e+01   1.8782890e-08   5.0028948e-05   3.0706168e-02   1.1547088e-01
   1.1900000e+01   1.3059708e-08   4.1511702e-05   2.9402327e-02   1.1388204e-01
   1.2000000e+01   9.0060104e-09   3.4302624e-05   2.8129596e-02   1.1228839e-01
   1.2100000e+01   6.1585198e-09   2.8226067e-05   2.6888265e-02   1.1069024e-01
   1.2200000e+01   4.1752287e-09   2.3125827e-05   2.5678587e-02   1.0908789e-01
   1.2300000e+01   2.8058040e-09   1.8863603e-05   2.4500781e-02   1.0748167e-01
   1.2400000e+01   1.8686097e-09   1.5317508e-05   2.3355026e-02   1.0587191e-01
   1.2500000e+01   1.2330284e-09   1.2380618e-05   2.2241466e-02   1.0425895e-01
   1.2600000e+01   8.0598636e-10   9.9595726e-06   2.1160203e-02   1.0264314e-01
   1.2700000e+01   5.2177961e-10   7.9732567e-06   2.0111302e-02   1.0102485e-01
   1.2800000e+01   3.3446742e-10   6.3515359e-06   1.9094787e-02   9.9404452e-02
   1.2900000e+01   2.1224040e-10   5.0340779e-06   1.8110640e-02   9.7782321e-02
   1.3000000e+01   1.3329310e-10   3.9692484e-06   1.7158806e-02   9.6158855e-02
   1.3100000e+01   8.2830104e-11   3.1130897e-06   1.6239184e-02   9.4534458e-02
   1.3200000e+01   5.0916989e-11   2.4283798e-06   1.5351634e-02   9.2909543e-02
   1.3300000e+01   3.0954355e-11   1.8837730e-06   1.4495976e-02   9.1284533e-02
   1.3400000e+01   1.8606015e-11   1.4530200e-06   1.3671988e-02   8.9659862e-02
   1.3500000e+01   1.1054598e-11   1.1142650e-06   1.2879406e-02   8.8035973e-02
   1.3600000e+01   6.4904266e-12   8.4941642e-07   1.2117928e-02   8.6413320e-02
   1.3700000e+01   3.7646468e-12   6.4358838e-07   1.1387210e-02   8.4792365e-02
   1.3800000e+01   2.1566177e-12   4.8460712e-07   1.0686871e-02   8.3173579e-02
   1.3900000e+01   1.2198160e-12   3.6257903e-07   1.0016491e-02   8.1557444e-02
   1.4000000e+01   6.8101891e-13   2.6951481e-07   9.3756135e-03   7.9944450e-02
   1.4100000e+01   3.7517690e-13   1.9900498e-07   8.7637463e-03   7.8335095e-02
   1.4200000e+01   2.0388742e-13   1.4594169e-07   8.1803624e-03   7.6729886e-02
   1.4300000e+01   1.0926584e-13   1.0628208e-07   7.6249021e-03   7.5129337e-02
   1.4400000e+01   5.7726736e-14   7.6848531e-08   7.0967741e-03   7.3533972e-02
   1.4500000e+01   3.0055498e-14   5.5161219e-08   6.5953579e-03   7.1944319e-02
   1.4600000e+01   1.5416206e-14   3.9298968e-08   6.1200049e-03   7.0360916e-02
   1.4700000e+01   7.7872960e-15   2.7784461e-08   5.6700411e-03   6.8784305e-02
   1.4800000e+01   3.8725478e-15   1.9490325e-08   5.2447684e-03   6.7215035e-02
   1.4900000e+01   1.8951763e-15   1.3562927e-08   4.8434677e-03   6.5653660e-02
   1.5000000e+01   9.1239574e-16   9.3610400e-09   4.4654004e-03   6.4100741e-02
   1.5100000e+01   4.3194852e-16   6.4069061e-09   4.1098110e-03   6.2556840e-02
   1.5200000e+01   2.0101400e-16   4.3475189e-09   3.7759299e-03   6.1022524e-02
   1.5300000e+01   9.1916331e-17   2.9242654e-09   3.4629753e-03   5.9498365e-02
   1.5400000e+01   4.1281319e-17   1.9493308e-09   3.1701560e-03   5.7984935e-02
   1.5500000e+01   1.8202342e-17   1.2875289e-09   2.8966737e-03   5.6482809e-02
   1.5600000e+01   7.8764026e-18   8.4243859e-10   2.6417261e-03   5.4992562e-02
   1.5700000e+01   3.3432218e-18   5.4592657e-10   2.4045087e-03   5.3514770e-02
   1.5800000e+01   1.3913758e-18   3.5030607e-10   2.1842177e-03   5.2050008e-02
   1.5900000e+01   5.6750077e-19   2.2252509e-10   1.9800525e-03   5.0598851e-02
   1.6000000e+01   2.2673958e-19   1.3990278e-10   1.7912181e-03   4.9161869e-02
   1.6100000e+01   8.8698955e-20   8.7033306e-11   1.6169271e-03   4.7739630e-02
   1.6200000e+01   3.3956776e-20   5.3561128e-11   1.4564026e-03   4.6332699e-02
   1.6300000e+01   1.2715479e-20   3.2599421e-11   1.3088797e-03   4.4941636e-02
   1.6400000e+01   4.6549368e-21   1.9617979e-11   1.1736080e-03   4.3566992e-02
   1.6500000e+01   1.6651022e-21   1.1669938e-11   1.0498536e-03   4.2209315e-02
   1.6600000e+01   5.8167441e-22   6.8601836e-12   9.3690053e-04   4.0869141e-02
   1.6700000e+01   1.9833138e-22   3.9841541e-12   8.3405261e-04   3.9546999e-02
   1.6800000e+01   6.5967529e-23   2.2853210e-12   7.4063503e-04   3.8243409e-02
   1.6900000e+01   2.1391708e-23   1.2943259e-12   6.5599564e-04   3.6958877e-02
   1.7000000e+01   6.7589698e-24   7.2359757e-13   5.7950611e-04   3.5693897e-02
   1.7100000e+01   2.0795659e-24   3.9918696e-13   5.1056297e-04   3.4448952e-02
   1.7200000e+01   6.2266323e-25   2.1724361e-13   4.4858846e-04   3.3224508e-02
   1.7300000e+01   1.8132057e-25   1.1659278e-13   3.9303117e-04   3.2021015e-02
   1.7400000e+01   5.1318366e-26   6.1689267e-14   3.4336655e-04   3.0838907e-02
   1.7500000e+01   1.4107252e-26   3.2167469e-14   2.9909725e-04   2.9678601e-02
   1.7600000e+01   3.7641004e-27   1.6525181e-14   2.5975323e-04   2.8540494e-02
   1.7700000e+01   9.7415383e-28   8.3607808e-15   2.2489176e-04   2.7424961e-02
   1.7800000e+01   2.4436155e-28   4.1645156e-15   1.9409730e-04   2.6332358e-02
   1.7900000e+01   5.9369222e-29   2.0414622e-15   1.6698110e-04   2.5263019e-02
   1.8000000e+01   1.3960143e-29   9.8450024e-16   1.4318083e-04   2.4217253e-02
   1.8100000e+01   3.1745906e-30   4.6689872e-16   1.2235992e-04   2.3195345e-02
   1.8200000e+01   6.9761614e-31   2.1766708e-16   1.0420693e-04   2.2197555e-02
   1.8300000e+01   1.4802327e-31   9.9713262e-17   8.8434670e-05   2.1224116e-02
   1.8400000e+01   3.0302176e-32   4.4866903e-17   7.4779368e-05   2.0275236e-02
   1.8500000e+01   5.9797824e-33   1.9821248e-17   6.2999654e-05   1.9351093e-02
   1.8600000e+01   1.1365634e-33   8.5937391e-18   5.2875527e-05   1.8451837e-02
   1.8700000e+01   2.0788298e-34   3.6550203e-18   4.4207257e-05   1.7577588e-02
   1.8800000e+01   3.6557183e-35   1.5242621e-18   3.6814257e-05   1.6728436e-02
   1.8900000e+01   6.1752908e-36   6.2300708e-19   3.0533914e-05   1.5904442e-02
   1.9000000e+01   1.0010740e-36   2.4945167e-19   2.5220421e-05   1.5105635e-02
   1.9100000e+01   1.5559036e-37   9.7798418e-20   2.0743599e-05   1.4332011e-02
   1.9200000e+01   2.3162258e-38   3.7524615e-20   1.6987728e-05   1.3583536e-02
   1.9300000e+01   3.2993235e-39   1.4083861e-20   1.3850405e-05   1.2860144e-02
   1.9400000e+01   4.4922983e-40   5.1680329e-21   1.1241418e-05   1.2161736e-02
   1.9500000e+01   5.8405730e-41   1.8530991e-21   9.0816700e-06   1.1488182e-02
   1.9600000e+01   7.2429983e-42   6.4894569e-22   7.3021320e-06   1.0839319e-02
   1.9700000e+01   8.5581395e-43   2.2182750e-22   5.8428580e-06   1.0214954e-02
   1.9800000e+01   9.6238588e-44   7.3973343e-23   4.6520447e-06   9.6148602e-03
   1.9900000e+01   1.0287918e-44   2.4051251e-23   3.6851518e-06   9.0387813e-03
   2.0000000e+01   1.0442438e-45   7.6198530e-24   2.9040812e-06   8.4864301e-03
   2.0100000e+01   1.0051904e-46   2.3509316e-24   2.2764163e-06   7.9574897e-03
   2.0200000e+01   9.1649583e-48   7.0591063e-25   1.7747233e-06   7.4516143e-03
   2.0300000e+01   7.9049567e-49   2.0615857e-25   1.3759129e-06   6.9684297e-03
   2.0400000e+01   6.4415997e-50   5.8521337e-26   1.0606606e-06   6.5075348e-03
   2.0500000e+01   4.9526600e-51   1.6136187e-26   8.1288632e-07   6.0685025e-03
   2.0600000e+01   3.5879447e-52   4.3188432e-27   6.1928760e-07   5.6508806e-03
   2.0700000e+01   2.4457588e-53   1.1212770e-27   4.6892574e-07   5.2541939e-03
   2.0800000e+01   1.5664854e-54   2.8218211e-28   3.5286080e-07   4.8779447e-03
   2.0900000e+01   9.4135573e-56   6.8786321e-29   2.6383202e-07   4.5216151e-03
   2.1000000e+01   5.2996972e-57   1.6229619e-29   1.9598010e-07   4.1846681e-03
   2.1100000e+01   2.7909905e-58   3.7035510e-30   1.4460754e-07   3.8665493e-03
   2.1200000e+01   1.3727784e-59   8.1676007e-31   1.0597342e-07   3.5666892e-03
   2.1300000e+01   6.2963138e-61   1.7393676e-31   7.7118949e-08   3.2845042e-03
   2.1400000e+01   2.6884940e-62   3.5740076e-32   5.5720208e-08   3.0193990e-03
   2.1500000e+01   1.0669524e-63   7.0798661e-33   3.9964980e-08   2.7707684e-03
   2.1600000e+01   3.9287457e-65   1.3509210e-33   2.8450361e-08   2.5379993e-03
   2.1700000e+01   1.3399175e-66   2.4807978e-34   2.0098406e-08   2.3204723e-03
   2.1800000e+01   4.2251509e-68   4.3804802e-35   1.4087168e-08   2.1175641e-03
   2.1900000e+01   1.2295695e-69   7.4306080e-36   9.7947812e-09   1.9286495e-03
   2.2000000e+01   3.2960881e-71   1.2097438e-36   6.7545078e-09   1.7531028e-03
   2.2100000e+01   8.1236035e-73   1.8884848e-37   4.6188899e-09   1.5903004e-03
   2.2200000e+01   1.8371843e-74   2.8239674e-38   3.1314215e-09   1.4396222e-03
   2.2300000e+01   3.8048800e-76   4.0410757e-39   2.1043530e-09   1.3004538e-03
   2.2400000e+01   7.2015059e-78   5.5281575e-40   1.4014573e-09   1.1721881e-03
   2.2500000e+01   1.2430509e-79   7.2219506e-41   9.2477133e-10   1.0542268e-03
   2.2600000e+01   1.9525658e-81   9.0002235e-42   6.0448977e-10   9.4598261e-04
   2.2700000e+01   2.7849655e-83   1.0688084e-42   3.9133471e-10   8.4688030e-04
   2.2800000e+01   3.5987801e-85   1.2081094e-43   2.5085056e-10   7.5635831e-04
   2.2900000e+01   4.2035230e-87   1.2982941e-44   1.5918030e-10   6.7387006e-04
   2.3000000e+01   4.4276385e-89   1.3249192e-45   9.9969826e-11   5.9888519e-04
   2.3100000e+01   4.1955188e-91   1.2824259e-46   6.2122578e-11   5.3089063e-04
   2.3200000e+01   3.5676629e-93   1.1758899e-47   3.8187741e-11   4.6939154e-04
   2.3300000e+01   2.7156354e-95   1.0201054e-48   2.3215766e-11   4.1391223e-04
   2.3400000e+01   1.8455594e-97   8.3619409e-50   1.3954511e-11   3.6399674e-04
   2.3500000e+01   1.1168806e-99   6.4681412e-51   8.2909484e-12   3.1920949e-04
   2.3600000e+01  6.0025290e-102   4.7149331e-52   4.8678199e-12   2.7913570e-04
   2.3700000e+01  2.8569969e-104   3.2344085e-53   2.8234851e-12   2.4338163e-04
   2.3800000e+01  1.2008936e-106   2.0850820e-54   1.6174633e-12   2.1157479e-04
   2.3900000e+01  4.4448922e-109   1.2613385e-55   9.1486202e-13   1.8336394e-04
   2.4000000e+01  1.4444191e-111   7.1495247e-57   5.1076418e-13   1.5841903e-04
   2.4100000e+01  4.1085054e-114   3.7914152e-58   2.8138268e-13   1.3643097e-04
   2.4200000e+01  1.0197317e-116   1.8781514e-59   1.5291557e-13   1.1711131e-04
   2.4300000e+01  2.2015101e-119   8.6771193e-61   8.1949380e-14   1.0019182e-04
   2.4400000e+01  4.1207610e-122   3.7327673e-62   4.3295052e-14   8.5423979e-05
   2.4500000e+01  6.6651894e-125   1.4927079e-63   2.2541623e-14   7.2578368e-05
   2.4600000e+01  9.2842886e-128   5.5394758e-65   1.1562155e-14   6.1443993e-05
   2.4700000e+01  1.1098752e-130   1.9043933e-66   5.8404720e-15   5.1827545e-05
   2.4800000e+01  1.1345985e-133   6.0543191e-68   2.9044109e-15   4.3552602e-05
   2.4900000e+01  9.8825685e-137   1.7766555e-69   1.4213822e-15   3.6458795e-05
   2.5000000e+01  7.3069692e-140   4.8035299e-71   6.8429680e-16   3.0400924e-05
   2.5100000e+01  4.5686407e-143   1.1942861e-72   3.2396139e-16   2.5248072e-05
   2.5200000e+01  2.4061511e-146   2.7252030e-74   1.5076050e-16   2.0882685e-05
   2.5300000e+01  1.0631862e-149   5.6959225e-76   6.8937248e-17   1.7199664e-05
   2.5400000e+01  3.9252762e-153   1.0882183e-77   3.0960989e-17   1.4105450e-05
   2.5500000e+01  1.2058358e-156   1.8964703e-79   1.3651757e-17   1.1517126e-05
   2.5600000e+01  3.0690457e-160   3.0083212e-81   5.9073020e-18   9.3615404e-06
   2.5700000e+01  6.4433650e-164   4.3341007e-83   2.5074164e-18   7.5744551e-06
   2.5800000e+01  1.1108844e-167   5.6584401e-85   1.0435319e-18   6.0997228e-06
   2.5900000e+01  1.5655935e-171   6.6791470e-87   4.2562558e-19   4.8885054e-06
   2.6000000e+01  1.7951632e-175   7.1113531e-89   1.7005469e-19   3.8985308e-06
   2.6100000e+01  1.6666982e-179   6.8131370e-91   6.6524216e-20   3.0933934e-06
   2.6200000e+01  1.2468173e-183   5.8591954e-93   2.5467582e-20   2.4419003e-06
   2.6300000e+01  7.4774996e-188   4.5116180e-95   9.5366092e-21   1.9174648e-06
   2.6400000e+01  3.5766943e-192   3.1025028e-97   3.4912026e-21   1.4975469e-06
   2.6500000e+01  1.3573475e-196   1.9003499e-99   1.2488267e-21   1.1631419e-06
   2.6600000e+01  4.0648339e-201  1.0340126e-101   4.3625581e-22   8.9831481e-07
   2.6700000e+01  9.5530312e-206  4.9841493e-104   1.4874854e-22   6.8978075e-07
   2.6800000e+01  1.7520020e-210  2.1222835e-106   4.9475647e-23   5.2652863e-07
   2.6900000e+01  2.4929538e-215  7.9599168e-109   1.6043781e-23   3.9948613e-07
   2.7000000e+01  2.7359800e-220  2.6219405e-111   5.0692273e-24   3.0122374e-07
   2.7100000e+01  2.3019911e-225  7.5619330e-114   1.5596744e-24   2.2569505e-07
   2.7200000e+01  1.4757005e-230  1.9036821e-116   4.6699742e-25   1.6801046e-07
   2.7300000e+01  7.1621908e-236  4.1699631e-119   1.3599043e-25   1.2424150e-07
   2.7400000e+01  2.6147593e-241  7.9220722e-122   3.8488774e-26   9.1252801e-08
   2.7500000e+01  7.1330505e-247  1.3009899e-124   1.0580439e-26   6.6558941e-08
   2.7600000e+01  1.4442058e-252  1.8406189e-127   2.8230753e-27   4.8203350e-08
   2.7700000e+01  2.1551468e-258  2.2356330e-130   7.3061538e-28   3.4656679e-08
   2.7800000e+01  2.3535975e-264  2.3229543e-133   1.8327116e-28   2.4732168e-08
   2.7900000e+01  1.8673973e-270  2.0573355e-136   4.4526916e-29   1.7515714e-08
   2.8000000e+01  1.0684607e-276  1.5473122e-139   1.0470107e-29   1.2308556e-08
   2.8100000e+01  4.3751254e-283  9.8447698e-143   2.3809429e-30   8.5806716e-09
   2.8200000e+01  1.2721793e-289  5.2783217e-146   5.2321210e-31   5.9332129e-09
   2.8300000e+01  2.6059673e-296  2.3752936e-149   1.1101745e-31   4.0684660e-09
   2.8400000e+01  3.7299987e-303  8.9350715e-153   2.2726632e-32   2.7660452e-09
   2.8500000e+01   0.0000000e+00  2.7978533e-156   4.4848368e-33   1.8641869e-09
   2.8600000e+01   0.0000000e+00  7.2617727e-160   8.5242251e-34   1.2451823e-09
   2.8700000e+01   0.0000000e+00  1.5554376e-163   1.5591224e-34   8.2413711e-10
   2.8800000e+01   0.0000000e+00  2.7372342e-167   2.7417887e-35   5.4037667e-10
   2.8900000e+01   0.0000000e+00  3.9394238e-171   4.6314681e-36   3.5093746e-10
   2.9000000e+01   0.0000000e+00  4.6150929e-175   7.5080548e-37   2.2568469e-10
   2.9100000e+01   0.0000000e+00  4.3799934e-179   1.1669277e-37   1.4368606e-10
   2.9200000e+01   0.0000000e+00  3.3510543e-183   1.7371694e-38   9.0545329e-11
   2.9300000e+01   0.0000000e+00  2.0564807e-187   2.4744926e-39   5.6461521e-11
   2.9400000e+01   0.0000000e+00  1.0070994e-191   3.3692237e-40   3.4831171e-11
   2.9500000e+01   0.0000000e+00  3.9150916e-196   4.3804297e-41   2.1252203e-11
   2.9600000e+01   0.0000000e+00  1.2017045e-200   5.4322487e-42   1.2821802e-11
   2.9700000e+01   0.0000000e+00  2.8963392e-205   6.4186046e-43   7.6469754e-12
   2.9800000e+01   0.0000000e+00  5.4506878e-210   7.2178941e-44   4.5072268e-12
   2.9900000e+01   0.0000000e+00  7.9634361e-215   7.7159384e-45   2.6247572e-12
   3.0000000e+01   0.0000000e+00  8.9791639e-220   7.8318284e-46   1.5097568e-12
