1.000000  2.000000  43.273588  44.676040  45.531832  46.183801  46.651708  46.877453  47.069668  46.963338  46.231729  44.513588  41.073030  35.233023  26.851282  32.761473  35.846776  40.292109  41.757600  41.666266  40.578888  39.383230  39.753958  40.581820  43.379584  46.216615  48.029601  48.968008  49.237726  48.732514  47.318857  45.931091  
1.000000  3.000000  21.568540  25.142689  26.109595  25.251174  23.081349  20.590993  18.048491  14.935410  12.016249  14.994193  19.410987  24.286889  27.434776  28.517306  28.332101  27.584336  27.136210  26.089830  24.885269  24.790650  26.008292  27.172678  28.636710  29.242236  29.130696  27.203515  20.245751  16.174660  22.840431  23.533946  
1.000000  4.000000  30.708987  33.300071  34.561117  34.888686  34.283242  33.125166  31.650798  30.260250  29.670372  29.821930  29.833115  29.547009  29.536663  28.867949  27.658651  25.802328  26.658191  28.727867  30.557896  31.668670  32.518210  32.074007  30.792767  27.401720  21.682603  23.669140  28.823749  30.097789  29.380808  28.259152  
1.000000  5.000000  41.738484  41.835091  40.785597  39.854969  39.539752  40.071668  41.290033  42.729376  43.707158  44.106139  43.951524  43.484951  43.386550  43.533196  43.640293  44.092851  44.150127  44.224765  44.428464  44.428215  44.389342  43.939938  44.018036  44.256961  44.253898  44.139150  43.441826  42.327727  41.608255  40.879458  
1.000000  9.000000  29.500877  31.933484  32.709858  32.785963  32.471036  32.132856  32.144567  32.159254  31.919315  31.551866  31.308861  31.404174  31.490980  31.412561  31.321624  31.825077  32.246678  32.889441  33.458161  33.434491  33.658058  33.799856  34.378274  35.147740  35.355880  35.484054  35.530048  34.785246  33.753407  32.514287  
1.000000  10.000000  33.536541  34.783960  36.346520  38.699080  40.063396  40.693685  41.224157  41.770469  42.211307  41.944606  41.187444  40.254341  39.109553  36.762554  35.297556  33.156505  30.662526  29.052938  31.236079  33.863437  34.688450  34.271963  34.209122  33.160817  30.427960  22.444201  23.500141  29.940289  33.282601  34.127598  
1.000000  11.000000  18.825934  20.140126  21.479445  25.453963  26.936060  26.877643  26.491287  26.755057  26.075340  24.267139  23.085820  27.997388  32.148734  34.244504  34.724540  35.612906  35.665556  35.525060  36.084172  37.075692  37.949871  37.862497  37.611108  36.879046  36.673780  37.339417  37.277146  35.502898  32.650588  30.901334  
1.000000  12.000000  10.080717  14.234605  16.125144  17.502080  19.444629  20.920891  22.034020  22.104205  21.442435  20.332647  19.335549  18.276891  16.869748  15.097757  14.048890  13.821881  13.508608  13.496705  12.829722  12.034570  10.287932  9.993806  13.468032  15.510464  16.672084  16.951739  16.427514  14.758372  12.784872  12.087527  
1.000000  13.000000  14.734570  14.920748  13.962289  13.025596  14.152068  16.042936  17.927920  19.083980  19.450118  19.248550  18.861542  18.771457  19.071629  19.328279  19.531209  20.074170  20.177272  20.630400  21.377341  21.376348  20.711666  19.306059  17.450746  14.443373  10.030882  11.367167  15.301080  16.927348  16.060557  14.700083  
2.000000  1.000000  42.830477  44.048908  45.084377  45.896484  46.492575  46.704449  46.675035  46.479250  45.674873  43.692977  39.958495  33.224561  22.265512  33.305667  36.280231  40.276533  41.629365  41.347740  40.291618  39.065989  39.741639  40.925497  43.665699  46.539665  48.134659  48.998125  49.282601  48.683930  47.320685  45.806859  
2.000000  3.000000  21.644530  24.387321  27.605567  29.486890  29.576241  29.236588  29.198668  29.137546  28.716854  27.090791  24.411905  21.567642  18.857113  16.786353  15.451146  12.407959  9.587037  10.777248  13.392004  16.164437  19.562790  22.292436  23.302483  21.820776  18.937030  19.475780  17.809046  10.544271  11.260817  12.655502  
2.000000  4.000000  17.875286  16.761614  24.118612  28.750775  31.156334  31.435468  30.921139  31.319635  31.208089  30.679100  30.902761  31.212193  30.812812  29.496580  29.641900  32.844879  35.140851  36.404311  37.326935  37.637135  37.959012  37.615500  37.240452  37.042426  36.275624  36.091777  36.274140  35.619499  34.466289  33.186951  
2.000000  5.000000  42.278756  45.175113  47.699671  49.444881  50.561686  51.014964  50.778859  50.290984  49.985256  49.815081  49.688641  49.572233  49.301883  49.026307  48.664958  48.228429  47.574432  47.095906  47.479434  47.894137  48.712408  49.297761  49.906720  50.547834  50.696252  50.651943  50.196774  48.778213  47.198412  45.946698  
2.000000  9.000000  25.341638  25.917104  26.888969  28.366324  29.144138  29.448395  29.983283  30.587546  30.687480  29.967432  29.800075  31.059979  31.697516  31.668138  31.499067  32.623259  33.898325  34.948280  35.785639  36.196730  36.850748  36.800586  36.350693  36.029976  35.100791  34.067419  32.716620  30.365670  28.268412  27.133278  
2.000000  10.000000  35.144104  37.037691  38.449784  39.407164  39.686387  39.605328  39.567049  39.668478  39.025491  37.407470  36.292900  35.886146  34.437079  32.069929  30.809074  29.549194  29.679650  29.192297  28.179085  27.086735  29.815449  33.024927  34.675219  35.437901  35.396573  35.704172  36.259082  35.455595  33.953556  32.855536  
2.000000  11.000000  22.372849  20.068682  18.334955  17.536464  21.514766  24.322285  24.160539  23.481520  25.368991  26.951608  28.265603  29.972343  30.402498  28.884177  27.247464  25.235157  24.100336  20.648022  20.829401  20.381429  19.709655  18.701981  17.524432  17.102673  15.111439  5.352673  19.994496  21.268803  18.067998  17.042674  
3.000000  1.000000  22.162284  25.215552  26.010457  24.832951  22.383238  19.309955  16.339352  13.457904  11.092184  14.981970  20.115588  24.992286  27.964165  29.062973  28.801936  28.024568  27.613694  26.652993  25.437809  25.499347  26.871095  28.327695  29.660398  30.257540  29.810335  27.825217  21.200884  17.119086  23.802539  24.350039  
3.000000  2.000000  22.551662  25.142803  28.516934  30.380587  30.344926  29.748337  29.821708  29.820361  29.229425  27.475308  24.908806  22.170340  19.944159  18.718373  17.862716  15.889581  13.854403  14.424620  14.796035  16.251702  19.786481  22.861065  24.068308  22.903874  20.318139  20.902252  19.300290  10.687902  10.294252  12.897025  
3.000000  4.000000  19.664172  20.582407  20.924354  21.645631  23.111778  24.212737  24.782890  24.435993  22.622712  20.298449  19.711207  21.642366  23.059835  22.749827  22.016791  21.645655  22.041667  20.983697  16.837578  6.810458  17.695996  21.101201  21.622648  20.792347  18.241819  13.694812  12.704282  14.216165  11.664744  8.907508  
3.000000  5.000000  18.726575  21.789795  23.376385  24.277908  24.706240  24.051011  22.462551  19.481281  14.123245  10.889710  13.989535  15.075367  14.499867  15.128069  16.346956  18.732748  20.374549  20.836353  20.219891  19.811370  19.835091  18.727428  17.553700  18.700349  21.556225  23.724923  24.848826  24.822039  23.844495  22.881412  
3.000000  9.000000  15.028952  17.094952  17.487090  16.473052  13.528113  9.265793  12.090572  16.959245  19.366832  19.487804  19.410738  18.975033  18.360589  18.512414  18.368006  18.742659  18.663669  18.103326  16.921503  14.964236  13.454360  12.570142  13.321549  15.186773  16.819009  17.869686  18.533990  17.467442  15.197117  13.199706  
3.000000  10.000000  25.235710  27.208278  28.392006  28.656310  27.359674  24.115217  25.533785  29.047425  30.684714  33.024573  34.764268  35.276817  34.890191  33.973131  33.051634  33.172054  35.168822  35.451022  34.540373  32.660789  31.002243  30.100370  28.094373  24.817434  24.460100  30.207803  33.538714  33.744930  33.105536  31.965390  
3.000000  11.000000  45.201025  48.239214  49.824929  50.511759  50.811945  50.048204  48.753576  48.343732  48.583666  48.758437  48.992808  49.386807  49.708139  50.029736  49.824717  49.694492  49.133509  48.386212  48.115518  48.298051  48.875363  48.945086  49.019534  49.496592  49.291900  48.795379  48.196383  47.104366  46.818707  45.919269  
3.000000  12.000000  29.096008  30.746502  31.501589  31.869782  31.900481  31.163029  29.647175  27.621257  24.835434  21.139812  16.804035  16.345722  21.215264  25.079656  26.500213  28.798448  29.849848  30.331137  30.821662  31.048823  31.430101  31.138589  30.453011  29.544914  27.570285  25.720284  24.008978  22.967340  23.092590  22.947674  
4.000000  1.000000  29.767510  31.886308  33.416593  33.742346  33.006389  31.828170  29.924540  27.837072  27.143086  27.410125  27.971044  28.664611  29.089047  29.186724  28.404587  28.467781  29.696444  30.139212  30.555315  30.873064  31.307826  30.333123  27.603580  24.153679  25.226575  29.207420  31.656967  31.319222  30.144641  28.858271  
4.000000  2.000000  23.746896  22.752931  27.761805  31.976774  34.355653  34.622850  34.284475  34.849279  34.801889  34.151602  34.264181  34.275646  33.285750  31.696524  31.722785  34.953881  37.304748  38.517483  39.438596  39.668252  39.790031  39.342303  38.674034  38.473945  37.820120  37.901726  38.401160  37.645723  36.650250  35.428051  
4.000000  3.000000  21.452251  22.450332  23.052532  23.642054  24.727446  25.411067  25.521938  24.801939  22.748812  20.602535  20.389991  22.681524  23.982797  23.870781  23.219444  23.364268  23.434962  21.938277  17.413199  8.335181  18.877986  22.039948  22.445304  21.528011  18.846100  14.295870  13.632517  14.819752  11.978763  9.160124  
4.000000  5.000000  25.843011  28.210922  29.241966  29.728731  29.857691  29.195423  28.035588  27.634902  27.051650  25.533682  22.742196  18.047531  10.080020  11.252505  16.702344  22.251023  24.827713  26.772565  28.381728  28.841452  29.236609  29.464263  29.298077  29.134416  27.946616  25.729995  23.656988  24.033528  25.655173  25.498477  
4.000000  9.000000  41.494002  43.444467  44.576034  45.288442  45.696638  45.641221  45.122497  44.705468  44.111003  43.035783  41.395181  39.809079  40.345312  43.009053  43.745822  45.976650  47.472214  48.532918  49.530926  49.718474  50.069267  50.111844  50.193818  50.765872  50.723906  50.934197  51.454239  50.986679  50.421636  49.222012  
4.000000  10.000000  21.948491  24.971394  27.404626  28.039135  27.179974  25.007713  21.401314  16.352871  9.690782  14.666646  18.967605  21.968860  23.444492  24.605392  24.889232  25.784165  25.551879  23.018883  18.263647  16.827726  21.615522  23.712831  23.286080  21.920113  21.100456  20.775695  19.205811  15.142353  12.008510  12.043648  
4.000000  11.000000  23.750083  25.499636  26.232271  26.022567  25.674617  25.548007  25.152590  23.889217  21.293038  18.774591  17.806803  19.141519  19.989647  18.706699  16.535834  17.637070  22.741920  24.450407  23.717233  20.426234  16.854155  19.397346  21.249609  20.926294  18.524688  14.380218  10.402088  12.590834  13.565055  13.354267  
4.000000  12.000000  15.243760  14.525747  15.865178  18.218701  19.336229  19.436200  19.156635  20.516152  22.241110  23.356327  23.645139  23.052903  22.126881  22.356785  22.332635  23.459203  23.901081  23.034461  21.295548  19.775330  21.206187  23.065055  24.194867  24.936862  24.461063  23.852886  22.810663  20.224320  17.057617  14.746031  
4.000000  13.000000  25.991776  21.230995  13.889867  27.028397  31.831778  34.169484  35.044832  36.210336  37.813054  39.093663  40.066840  40.430158  39.870782  39.481528  38.909565  38.781832  38.523199  37.615551  36.500708  34.534308  33.663243  35.310838  37.745506  40.007949  40.910358  41.935852  43.522416  43.855143  43.458233  42.347753  
5.000000  1.000000  40.794680  40.781671  40.240395  39.610803  39.411648  39.988941  41.079326  42.402439  43.123487  43.227937  43.071668  42.711337  42.499626  42.863924  42.923972  43.321644  43.494586  43.432740  43.442169  43.353930  43.297188  42.953039  42.803133  43.248320  43.047402  42.678232  41.867216  40.404737  39.695358  39.032674  
5.000000  2.000000  42.237409  44.986726  47.547924  49.379549  50.470394  50.829741  50.709329  50.347304  50.002542  49.795745  49.699399  49.621636  49.279372  49.039967  48.682415  48.237167  47.479335  46.872390  46.992329  47.343956  48.209249  48.936132  49.556972  50.391999  50.605892  50.672735  50.245503  48.771324  47.107485  45.837617  
5.000000  3.000000  17.312864  20.361190  21.693343  22.399281  22.661610  21.715549  19.645558  16.009918  9.668072  7.894669  11.718481  12.360177  12.030544  14.652003  16.512404  19.548654  21.309854  21.796825  21.175701  20.655413  20.569493  19.197141  16.677170  16.060431  19.078257  21.803043  23.209352  23.565499  22.874239  22.088483  
5.000000  4.000000  23.580643  26.162608  27.439858  28.060177  28.355171  27.872635  26.780363  26.091744  25.170045  23.633699  20.844594  16.070108  9.038007  8.655227  13.695035  19.330207  21.810522  23.875224  25.609261  26.437699  26.727480  26.548227  26.421842  26.232667  24.898729  23.148088  22.049251  22.679954  24.148871  23.892295  
5.000000  9.000000  27.298823  28.510846  28.221554  26.727781  25.048703  24.168846  24.100375  24.083979  23.878486  23.435301  22.259406  21.178944  20.918266  21.147148  20.859537  20.082832  18.822063  18.128748  18.133738  18.619465  18.697719  16.500865  12.199147  8.040468  8.395699  7.795015  9.998011  15.521062  18.507881  18.435149  
5.000000  10.000000  31.628439  35.417537  37.417632  37.804955  37.804834  38.517892  39.204059  39.374472  39.356171  39.183189  38.987589  38.982435  39.161868  39.787869  40.064143  40.752086  41.284442  41.718291  41.924445  41.482416  41.133420  40.565229  39.932163  39.711408  39.032901  38.947908  38.954468  38.121018  37.178848  36.020626  
5.000000  11.000000  19.427944  20.207222  20.953419  20.837026  19.371975  16.449334  11.778853  6.801311  9.881678  14.033320  17.349894  19.322493  20.632779  21.453650  21.412120  20.863962  20.611892  20.806875  21.172812  20.595310  20.474186  21.408469  22.956445  24.480939  25.823676  26.942298  27.366495  26.608231  25.304538  24.371668  
9.000000  1.000000  30.111043  32.407023  33.535321  33.797236  33.625575  33.312058  32.872440  32.620262  32.224936  31.725690  32.079158  32.662676  32.720814  32.921285  32.595249  32.721313  32.982912  33.368671  33.884679  33.738738  34.031022  34.359035  34.653477  35.237859  34.869215  34.163019  33.741795  32.686054  32.027631  30.951221  
9.000000  2.000000  27.622538  28.099755  29.309024  30.435255  30.704678  30.854191  31.829680  32.883776  33.102938  32.400320  32.369797  33.246964  33.504030  33.675701  33.349078  34.491667  35.747768  36.662711  37.282565  37.336170  37.670340  37.487353  36.701993  36.153073  34.910276  33.367302  31.438582  27.824904  26.841816  27.041164  
9.000000  3.000000  13.357393  15.360262  16.209505  15.248991  13.304918  11.542507  12.410655  16.055872  18.303835  18.790075  19.401946  19.723796  19.431989  19.366548  19.121978  19.079658  18.889294  18.274344  16.850373  14.597463  12.267193  10.884106  12.227662  15.020685  17.160655  19.018065  20.182898  19.768399  18.148544  16.605498  
9.000000  4.000000  43.226227  45.179940  46.221769  46.690868  46.712856  46.434813  45.804082  45.485169  45.213783  44.793399  44.429688  44.245995  44.636057  46.115648  46.412153  47.927063  49.099506  49.911383  50.724648  50.803280  51.039164  51.035533  51.029015  51.585008  51.526921  51.691488  52.136068  51.587432  51.008216  49.809076  
9.000000  5.000000  28.380572  29.595366  29.387208  27.884041  26.302940  25.584277  25.391346  25.540719  25.673591  25.226206  24.254772  22.883160  22.004356  21.726063  21.049014  19.925603  18.954433  18.632601  19.391251  20.194043  20.001400  17.131558  10.678343  8.082142  14.243574  15.284774  15.692138  17.592388  19.797114  19.571084  
9.000000  10.000000  14.107805  16.935005  19.161587  20.927929  21.940291  21.881520  21.480657  22.238655  23.154079  22.836367  21.269565  18.289819  11.804292  4.103631  10.447624  17.441987  21.122571  23.184135  24.580496  25.458520  26.194917  26.041894  25.213738  24.257837  23.228316  23.021333  22.514083  21.111658  18.913725  16.931862  
9.000000  13.000000  30.394417  31.417362  31.380396  30.508997  28.995559  28.177974  29.616374  32.263680  34.105219  35.015006  35.560170  35.659729  35.088780  34.928562  34.433234  34.491610  34.655572  34.648292  34.819099  34.727735  35.183622  35.424021  35.332518  35.195467  34.720157  34.683746  34.723000  33.439111  32.564831  31.227804  
10.000000  1.000000  32.934524  34.349696  34.818988  36.754735  38.846793  39.622619  40.066443  39.777345  39.859509  40.353660  38.921220  38.345329  37.762481  34.745548  34.358239  33.002812  30.189990  28.220901  30.231521  33.498120  34.580240  33.500573  34.019491  32.131890  30.233669  25.491882  25.479081  31.021412  33.654041  34.097364  
10.000000  2.000000  34.286564  36.787508  37.880150  38.962122  39.870085  40.095193  40.271838  39.683726  39.062184  38.433895  36.552539  35.986525  35.686436  33.055289  32.728776  31.341947  30.790911  30.779683  30.499469  30.774927  32.797753  34.132030  35.930731  35.098961  34.782021  34.091728  33.389262  33.262545  31.755114  31.122194  
10.000000  3.000000  25.644881  28.151900  27.899136  27.588300  27.251440  24.493098  21.651614  22.589934  23.485590  27.829945  29.837698  30.901024  31.496850  29.775624  29.599463  30.693425  32.645400  32.907937  31.937496  30.456030  28.790843  28.127211  28.615819  26.860860  23.490739  24.049738  28.220763  30.333365  29.421120  28.478384  
10.000000  4.000000  18.335230  21.542716  23.385938  24.169973  23.785693  21.160555  17.007339  12.169395  11.514358  13.763672  14.472245  16.628665  19.079599  20.629631  21.772585  22.910931  22.037277  19.477340  14.543454  15.204505  19.469710  20.870292  21.058507  19.055536  18.294345  18.415150  17.125419  14.420102  9.275475  7.472031  
10.000000  5.000000  28.694480  33.202188  34.598349  35.096071  35.831035  36.759881  37.395390  36.711185  36.518106  37.195972  36.217907  36.255022  37.245916  37.260112  38.275519  39.103268  38.819489  39.184115  39.391288  39.437358  38.886696  37.086834  37.057139  36.176455  36.748812  37.282961  36.995777  37.051115  35.491385  34.234066  
10.000000  9.000000  10.555882  13.597930  14.877741  16.620755  18.831269  19.099455  18.852749  18.911392  19.290482  19.458929  17.012573  13.633547  6.791192  3.065222  9.657750  15.504781  18.545598  20.534171  21.727450  23.270116  24.169653  23.336326  23.241522  22.098778  21.614927  21.459681  20.862695  20.299705  18.151304  16.070878  
10.000000  11.000000  35.106073  38.340591  38.877289  38.882076  38.861084  37.689343  35.586496  32.243404  28.107990  22.078774  16.590811  26.475030  30.503370  30.971642  31.806759  31.405126  30.114957  30.547360  30.318029  30.545986  29.240505  25.904342  26.162575  25.061805  24.548158  21.299685  16.012037  14.175776  11.058784  6.961786  
10.000000  12.000000  15.390977  19.453659  20.858330  20.996245  20.287005  18.901987  17.046175  12.600023  -3.200548  10.747376  14.462601  14.253713  11.138873  2.707211  8.223205  17.181597  20.002915  21.148452  21.681830  22.620494  22.809770  22.424704  23.750205  24.140390  24.029136  22.605928  19.891232  17.638582  16.168220  15.730874  
11.000000  1.000000  17.669627  19.887081  22.022869  25.786016  27.398585  26.881542  25.585341  24.443554  22.765567  20.846186  22.301949  27.863044  32.009265  33.435403  34.261869  35.047894  34.620128  34.335948  34.837757  36.109352  36.930407  36.444019  36.617887  35.659554  36.010165  36.555942  35.968168  34.314050  31.418855  29.909434  
11.000000  2.000000  23.610875  21.551437  17.901210  16.281653  20.418818  22.145664  21.821302  21.739311  24.315117  25.447597  26.817824  29.358061  30.410380  28.096579  26.765985  25.012064  22.589022  20.758059  23.229385  23.877871  22.990397  19.759976  19.097870  20.135374  19.098263  13.800298  21.644689  22.979813  19.750503  17.844522  
11.000000  3.000000  44.240799  47.555145  48.812211  49.471587  50.138716  49.373533  47.922475  46.708117  47.106969  48.004944  47.975324  48.367177  49.249571  48.967380  49.204907  49.062788  47.986141  47.235306  47.122773  47.768482  48.585815  48.194517  48.912316  48.751114  48.703624  48.195012  47.290399  46.515784  45.613618  44.602861  
11.000000  4.000000  23.297361  24.880170  24.808155  24.065115  23.999217  23.917311  23.715614  22.538205  21.068536  20.282971  18.881605  18.516114  18.813707  17.045953  15.842319  18.759888  22.540558  23.869076  22.899325  20.174713  16.605251  17.238086  19.530483  19.694786  18.885937  16.455614  12.707096  11.986535  11.917910  11.842215  
11.000000  5.000000  19.198201  20.648874  21.561226  21.388396  20.143634  16.890279  12.074996  4.060035  0.035449  10.663038  15.327879  17.998536  20.051620  20.938822  21.334841  20.920561  19.916232  19.446108  19.445083  19.142201  19.305859  20.502719  23.193839  25.034669  26.561271  27.207229  26.868875  26.197029  24.606829  23.601899  
11.000000  10.000000  36.321063  39.320172  40.082324  40.029165  39.866155  38.562746  36.456559  33.389175  29.596279  23.594108  16.154223  26.753697  30.775426  31.687657  32.233934  31.908016  30.840661  31.392381  31.101155  30.912160  29.487930  26.473991  26.461060  25.630564  24.559372  20.813855  16.559940  16.588433  14.156469  10.499976  
11.000000  12.000000  31.056756  32.785438  33.815725  34.765590  35.088427  34.478892  34.075871  33.398727  33.568567  34.799732  35.254182  36.152849  37.379713  37.536373  38.014397  38.725441  38.769854  39.297006  39.707259  39.845409  39.864681  39.164018  39.660989  39.470216  39.858036  39.995402  39.855094  40.355870  39.394435  38.435523  
11.000000  13.000000  18.334455  19.648001  18.548197  15.591609  13.282678  17.160449  20.086768  21.091619  21.983175  23.022360  23.402133  23.248048  22.499531  21.996373  22.212889  23.405189  24.975751  25.879892  25.620456  25.141323  24.872123  23.941879  23.348013  22.090054  21.060924  19.877541  18.010186  16.252514  13.537520  12.310622  
12.000000  1.000000  14.683024  17.194771  19.233295  20.058791  20.608461  22.590309  23.521797  24.139934  23.463532  21.680593  21.444978  20.881698  19.131737  17.734530  16.088115  15.230309  16.087424  15.844756  15.392818  13.590311  11.634904  11.688134  14.756441  17.333038  17.579785  17.981049  18.476467  16.826156  15.811767  15.456630  
12.000000  3.000000  31.371390  32.044604  33.946737  34.186698  32.903770  32.368262  30.936276  30.303908  27.772206  22.393331  15.006448  14.907615  22.477757  27.500372  27.633614  29.498049  31.643025  32.102086  32.525603  31.465331  31.629940  32.353588  30.896992  30.906927  27.815522  26.128054  26.102153  24.601682  26.091159  25.912289  
12.000000  4.000000  16.695276  14.242501  16.941750  19.790630  20.375136  21.116211  21.161921  23.175059  24.525817  24.285235  25.464730  25.033614  23.231942  24.307336  23.246129  23.994961  25.672141  24.955383  22.804281  19.716608  21.162053  24.454195  25.073854  26.737747  25.315528  24.935478  25.311514  22.141535  20.342042  18.114845  
12.000000  10.000000  20.894319  23.594629  26.426722  26.345325  24.162124  23.062083  21.229207  18.024930  2.968237  14.726580  20.105067  20.185398  15.694368  4.432714  10.746832  20.566568  24.926769  26.092071  26.920731  26.337904  26.525363  27.559291  27.423179  28.929500  27.336364  26.130023  25.189802  21.170403  21.154823  20.909782  
12.000000  11.000000  34.604762  34.973945  37.511010  38.483199  37.152181  36.657929  36.187430  37.005704  37.160929  36.698056  38.609609  39.487232  39.021630  40.688502  39.577288  40.125538  41.777168  42.226127  42.555874  41.114635  41.016374  41.863490  40.880705  42.134033  40.860151  40.931827  42.406283  41.222000  42.004718  41.019448  
12.000000  13.000000  16.543224  16.471808  17.132103  16.536646  15.345397  15.885938  16.108336  16.089821  15.793674  15.261183  16.374043  17.366659  18.271483  20.139878  19.649906  20.644992  21.609633  21.290949  21.238872  19.320251  18.305847  17.449496  14.358207  6.395386  0.111947  12.179037  16.861335  17.833803  18.887715  18.987524  
13.000000  1.000000  12.228783  12.189586  10.366085  9.165891  10.769513  13.590732  16.680473  18.443003  18.853461  18.294691  17.073478  16.845387  17.390186  18.495332  18.786974  20.326491  21.043806  21.446151  22.089742  22.015965  21.108131  19.439455  17.138944  13.194456  6.531280  8.653721  14.355479  16.800158  17.016465  15.926319  
13.000000  3.000000  11.467236  16.134084  18.695377  19.962187  20.557224  19.901185  18.830655  18.058449  16.851458  15.844307  16.643352  16.841113  16.757459  16.983740  17.179696  17.221012  15.778669  14.982445  13.633052  11.799269  11.972146  13.574854  12.128196  10.512983  8.897821  9.385391  9.994040  9.823707  10.963141  9.288230  
13.000000  4.000000  28.590824  26.751685  18.728543  20.162925  28.682415  32.075864  33.353883  34.682658  36.558788  38.309724  39.095155  39.514802  39.481471  38.767663  38.553174  38.390618  38.182174  37.621645  36.624869  34.962713  33.884645  34.410622  36.939783  39.083696  40.117360  41.293660  42.807855  43.260570  42.808564  41.693473  
13.000000  9.000000  28.463754  29.169104  28.371884  26.834895  24.411588  22.654612  25.942699  29.900329  32.290152  33.835284  34.329983  34.571035  34.514469  34.110435  33.913315  33.792738  33.659209  33.619611  33.828098  33.923015  34.666786  34.806920  35.216776  35.005937  34.359242  34.281997  34.213061  33.364863  32.447787  31.187061  
13.000000  10.000000  6.185535  9.991377  11.216778  12.601707  14.379617  15.727960  16.607595  15.884303  15.772503  15.524268  15.108776  15.772503  15.310549  13.560576  10.707565  10.241312  9.371331  13.625640  15.601776  17.116862  18.139110  19.304165  20.967182  20.846411  19.550339  18.164732  16.408075  15.010135  10.945529  11.160816  
13.000000  11.000000  20.011943  21.433047  20.170340  17.136408  13.964094  18.345377  21.325015  22.476479  23.294324  24.140058  24.849878  24.845244  23.876295  23.308131  23.368678  24.313910  26.209678  27.148231  27.081432  26.170592  26.157050  25.598640  24.869510  23.564996  22.228847  21.182677  19.802488  17.754017  15.580580  14.061103  
13.000000  12.000000  14.913673  15.391218  15.525989  15.252131  14.675881  14.620029  14.536374  14.068620  14.364069  15.258551  14.855516  15.585893  16.791310  17.772956  18.277051  18.999289  19.757412  19.643822  18.991331  17.705622  17.242441  15.470137  12.622928  6.803856  -1.292145  9.751061  15.556044  17.197521  17.296782  17.258661  
